#,Timestamp,Low_Range,High_Range,Temp
1,2018-07-09T12:25:20Z,0,0,22.29
2,2018-07-09T12:25:35Z,NA,NA,NA
3,2018-07-09T12:55:20Z,2151.2,2159.4,20.39
4,2018-07-09T13:25:20Z,2112.3,2118,20.28
5,2018-07-09T13:55:20Z,2103.1,2108.1,20.24
6,2018-07-09T14:25:20Z,2097.7,2102.3,20.22
7,2018-07-09T14:55:20Z,2092.9,2097.6,20.2
8,2018-07-09T15:25:20Z,2089.1,2094.7,20.18
9,2018-07-09T15:55:20Z,2086.4,2090.7,20.16
10,2018-07-09T16:25:20Z,2084.2,2088.9,20.16
11,2018-07-09T16:55:20Z,2082.1,2086.6,20.13
12,2018-07-09T17:25:20Z,2080.5,2084.8,20.13
13,2018-07-09T17:55:20Z,2078.9,2083.1,20.12
14,2018-07-09T18:25:20Z,2078.3,2081.9,20.12
15,2018-07-09T18:55:20Z,2076.2,2079.6,20.1
16,2018-07-09T19:25:20Z,2074.6,2078.4,20.09
17,2018-07-09T19:55:20Z,2073.5,2076.7,20.08
18,2018-07-09T20:25:20Z,2072.4,2075.5,20.06
19,2018-07-09T20:55:20Z,2070.8,2073.8,20.05
20,2018-07-09T21:25:20Z,2069.2,2073.2,20.05
21,2018-07-09T21:55:20Z,2069.2,2072,20.04
22,2018-07-09T22:25:20Z,2067.6,2070.9,20.04
23,2018-07-09T22:55:20Z,2067,2070.3,20.03
24,2018-07-09T23:25:20Z,2065.9,2069.1,20.02
25,2018-07-09T23:55:20Z,2064.9,2069.1,20.01
26,2018-07-10T00:25:20Z,2064.9,2068,20.02
27,2018-07-10T00:55:20Z,2064.9,2067.4,20.01
28,2018-07-10T01:25:20Z,2064.3,2067.4,20
29,2018-07-10T01:55:20Z,2064.9,2068,19.98
30,2018-07-10T02:25:20Z,2065.9,2069.1,19.98
31,2018-07-10T02:55:20Z,2065.9,2069.7,19.98
32,2018-07-10T03:25:20Z,2067.6,2070.3,19.97
33,2018-07-10T03:55:20Z,2066.5,2069.7,19.97
34,2018-07-10T04:25:20Z,2066.5,2069.1,19.96
35,2018-07-10T04:55:20Z,2064.3,2068,19.96
36,2018-07-10T05:25:20Z,2064.3,2066.8,19.97
37,2018-07-10T05:55:20Z,2062.7,2066.2,19.95
38,2018-07-10T06:25:20Z,2062.2,2065.1,19.95
39,2018-07-10T06:55:20Z,2060.6,2063.9,19.94
40,2018-07-10T07:25:20Z,2060.6,2063.3,19.94
41,2018-07-10T07:55:20Z,2060,2063.3,19.94
42,2018-07-10T08:25:20Z,2059,2061.6,19.94
43,2018-07-10T08:55:20Z,2057.9,2061,19.93
44,2018-07-10T09:25:20Z,2057.9,2061,19.94
45,2018-07-10T09:55:20Z,2057.9,2059.8,19.93
46,2018-07-10T10:25:20Z,2057.3,2059.3,19.91
47,2018-07-10T10:55:20Z,2056.3,2058.7,19.91
48,2018-07-10T11:25:20Z,2055.2,2057.5,19.91
49,2018-07-10T11:55:20Z,2054.1,2056.4,19.91
50,2018-07-10T12:25:20Z,2053,2055.2,19.9
51,2018-07-10T12:55:20Z,2050.9,2053.5,19.9
52,2018-07-10T13:25:20Z,2050.9,2052.3,19.89
53,2018-07-10T13:55:20Z,2049.8,2052.3,19.89
54,2018-07-10T14:25:20Z,2048.7,2051.7,19.89
55,2018-07-10T14:55:20Z,2048.7,2050.6,19.88
56,2018-07-10T15:25:20Z,2047.7,2050,19.87
57,2018-07-10T15:55:20Z,2047.1,2049.4,19.87
58,2018-07-10T16:25:20Z,2046.6,2048.8,19.87
59,2018-07-10T16:55:20Z,2047.1,2049.4,19.86
60,2018-07-10T17:25:20Z,2047.7,2049.4,19.85
61,2018-07-10T17:55:20Z,2048.2,2050,19.86
62,2018-07-10T18:25:20Z,2048.2,2050.6,19.85
63,2018-07-10T18:55:20Z,2048.7,2050.6,19.85
64,2018-07-10T19:25:20Z,2049.3,2051.1,19.85
65,2018-07-10T19:55:20Z,2049.3,2052.3,19.85
66,2018-07-10T20:25:20Z,2048.7,2052.3,19.85
67,2018-07-10T20:55:20Z,2049.8,2052.3,19.83
68,2018-07-10T21:25:20Z,2049.8,2052.3,19.83
69,2018-07-10T21:55:20Z,2050.4,2052.3,19.83
70,2018-07-10T22:25:20Z,2049.8,2052.3,19.83
71,2018-07-10T22:55:20Z,2049.8,2051.7,19.83
72,2018-07-10T23:25:20Z,2049.8,2051.7,19.83
73,2018-07-10T23:55:20Z,2049.3,2051.7,19.83
74,2018-07-11T00:25:20Z,2049.3,2051.7,19.83
75,2018-07-11T00:55:20Z,2048.7,2051.7,19.83
76,2018-07-11T01:25:20Z,2050.4,2051.7,19.83
77,2018-07-11T01:55:20Z,2050.4,2052.9,19.83
78,2018-07-11T02:25:20Z,2050.4,2053.5,19.85
79,2018-07-11T02:55:20Z,2051.4,2054,19.85
80,2018-07-11T03:25:20Z,2054.1,2056.9,19.85
81,2018-07-11T03:55:20Z,2057.3,2059.8,19.85
82,2018-07-11T04:25:20Z,2060,2062.8,19.86
83,2018-07-11T04:55:20Z,2061.6,2064.5,19.85
84,2018-07-11T05:25:20Z,2063.3,2065.7,19.86
85,2018-07-11T05:55:20Z,2064.9,2067.4,19.87
86,2018-07-11T06:25:20Z,2065.4,2069.1,19.87
87,2018-07-11T06:55:20Z,2068.1,2070.9,19.88
88,2018-07-11T07:25:20Z,2069.2,2072,19.88
89,2018-07-11T07:55:20Z,2070.8,2073.2,19.89
90,2018-07-11T08:25:20Z,2071.3,2074.4,19.89
91,2018-07-11T08:55:20Z,2072.9,2075.5,19.89
92,2018-07-11T09:25:20Z,2074,2077.3,19.9
93,2018-07-11T09:55:20Z,2074.6,2077.3,19.9
94,2018-07-11T10:25:20Z,2074.6,2078.4,19.91
95,2018-07-11T10:55:20Z,2074.6,2077.9,19.91
96,2018-07-11T11:25:20Z,2075.1,2078.4,19.91
97,2018-07-11T11:55:20Z,2074.6,2078.4,19.91
98,2018-07-11T12:25:20Z,2074.6,2077.3,19.93
99,2018-07-11T12:55:20Z,2073.5,2076.1,19.93
100,2018-07-11T13:25:20Z,2072.9,2075.5,19.93
101,2018-07-11T13:55:20Z,2072.4,2075,19.94
102,2018-07-11T14:25:20Z,2072.4,2075,19.94
103,2018-07-11T14:55:20Z,2071.9,2074.4,19.94
104,2018-07-11T15:25:20Z,2071.9,2075,19.95
105,2018-07-11T15:55:20Z,2071.9,2074.4,19.95
106,2018-07-11T16:25:20Z,2071.9,2074.4,19.96
107,2018-07-11T16:55:20Z,2071.9,2075,19.96
108,2018-07-11T17:25:20Z,2071.9,2074.4,19.97
109,2018-07-11T17:55:20Z,2071.9,2075,19.97
110,2018-07-11T18:25:20Z,2072.4,2074.4,19.97
111,2018-07-11T18:55:20Z,2072.9,2075.5,19.98
112,2018-07-11T19:25:20Z,2073.5,2076.1,19.98
113,2018-07-11T19:55:20Z,2074,2076.7,20
114,2018-07-11T20:25:20Z,2074,2078.4,20
115,2018-07-11T20:55:20Z,2075.1,2078.4,20.01
116,2018-07-11T21:25:20Z,2076.2,2079.6,20.01
117,2018-07-11T21:55:20Z,2076.7,2080.2,20.01
118,2018-07-11T22:25:20Z,2078.3,2082.5,20.01
119,2018-07-11T22:55:20Z,2079.4,2083.1,20.02
120,2018-07-11T23:25:20Z,2079.9,2083.1,20.02
121,2018-07-11T23:55:20Z,2079.9,2083.7,20.03
122,2018-07-12T00:25:20Z,2080.5,2084.3,20.03
123,2018-07-12T00:55:20Z,2081.6,2084.3,20.04
124,2018-07-12T01:25:20Z,2082.1,2086,20.04
125,2018-07-12T01:55:20Z,2083.2,2087.7,20.05
126,2018-07-12T02:25:20Z,2084.2,2088.3,20.05
127,2018-07-12T02:55:20Z,2084.2,2088.9,20.05
128,2018-07-12T03:25:20Z,2086.4,2089.5,20.06
129,2018-07-12T03:55:20Z,2086.9,2091.2,20.06
130,2018-07-12T04:25:20Z,2086.9,2091.8,20.08
131,2018-07-12T04:55:20Z,2092.3,2097.1,20.08
132,2018-07-12T05:25:20Z,2094.5,2099.4,20.09
133,2018-07-12T05:55:20Z,2096.6,2101.1,20.1
134,2018-07-12T06:25:20Z,2098.3,2103.5,20.1
135,2018-07-12T06:55:20Z,2099.3,2104.6,20.11
136,2018-07-12T07:25:20Z,2100.4,2105.2,20.11
137,2018-07-12T07:55:20Z,2101.5,2106.4,20.11
138,2018-07-12T08:25:20Z,2102,2106.9,20.12
139,2018-07-12T08:55:20Z,2102,2107.5,20.12
140,2018-07-12T09:25:20Z,2101.5,2106.4,20.12
141,2018-07-12T09:55:20Z,2101,2105.8,20.13
142,2018-07-12T10:25:20Z,2101,2105.8,20.13
143,2018-07-12T10:55:20Z,2101,2105.2,20.13
144,2018-07-12T11:25:20Z,2099.9,2103.5,20.13
145,2018-07-12T11:55:20Z,2098.8,2102.9,20.13
146,2018-07-12T12:25:20Z,2096.6,2101.7,20.15
147,2018-07-12T12:55:20Z,2095.6,2100,20.15
148,2018-07-12T13:25:20Z,2093.9,2098.2,20.15
149,2018-07-12T13:55:20Z,2091.8,2097.1,20.15
150,2018-07-12T14:25:20Z,2091.2,2095.9,20.15
151,2018-07-12T14:55:20Z,2090.2,2094.1,20.16
152,2018-07-12T15:25:20Z,2088.6,2093,20.16
153,2018-07-12T15:55:20Z,2088,2092.4,20.15
154,2018-07-12T16:25:20Z,2088.6,2093,20.16
155,2018-07-12T16:55:20Z,2088.6,2092.4,20.16
156,2018-07-12T17:25:20Z,2088.6,2092.4,20.16
157,2018-07-12T17:55:20Z,2088,2092.4,20.16
158,2018-07-12T18:25:20Z,2087.5,2091.8,20.17
159,2018-07-12T18:55:20Z,2086.4,2090.7,20.17
160,2018-07-12T19:25:20Z,2085.9,2089.5,20.17
161,2018-07-12T19:55:20Z,2084.2,2088.3,20.17
162,2018-07-12T20:25:20Z,2083.7,2087.2,20.18
163,2018-07-12T20:55:20Z,2082.6,2086,20.18
164,2018-07-12T21:25:20Z,2081,2085.4,20.18
165,2018-07-12T21:55:20Z,2079.4,2083.7,20.19
166,2018-07-12T22:25:20Z,2078.3,2081.9,20.19
167,2018-07-12T22:55:20Z,2077.8,2081.3,20.2
168,2018-07-12T23:25:20Z,2077.2,2080.8,20.2
169,2018-07-12T23:55:20Z,2076.7,2080.2,20.22
170,2018-07-13T00:25:20Z,2075.6,2079.6,20.22
171,2018-07-13T00:55:20Z,2075.6,2079,20.23
172,2018-07-13T01:25:20Z,2075.6,2079,20.23
173,2018-07-13T01:55:20Z,2075.1,2079,20.23
174,2018-07-13T02:25:20Z,2074.6,2078.4,20.24
175,2018-07-13T02:55:20Z,2076.2,2079.6,20.24
176,2018-07-13T03:25:20Z,2078.3,2083.1,20.25
177,2018-07-13T03:55:20Z,2081.6,2086,20.25
178,2018-07-13T04:25:20Z,2086.9,2091.2,20.25
179,2018-07-13T04:55:20Z,2090.7,2095.3,20.26
180,2018-07-13T05:25:20Z,2095.6,2100,20.26
181,2018-07-13T05:55:20Z,2099.3,2104,20.26
182,2018-07-13T06:25:20Z,2102.6,2107.5,20.26
183,2018-07-13T06:55:20Z,2104.7,2109.9,20.26
184,2018-07-13T07:25:20Z,2106.9,2112.2,20.27
185,2018-07-13T07:55:20Z,2108,2113.4,20.27
186,2018-07-13T08:25:20Z,2109,2113.4,20.28
187,2018-07-13T08:55:20Z,2108,2113.4,20.28
188,2018-07-13T09:25:20Z,2106.9,2111.6,20.28
189,2018-07-13T09:55:20Z,2106.9,2111.6,20.3
190,2018-07-13T10:25:20Z,2105.8,2111,20.3
191,2018-07-13T10:55:20Z,2104.7,2109.9,20.3
192,2018-07-13T11:25:20Z,2104.2,2109.3,20.3
193,2018-07-13T11:55:20Z,2103.1,2107.5,20.31
194,2018-07-13T12:25:20Z,2102.6,2107.5,20.31
195,2018-07-13T12:55:20Z,2101.5,2106.4,20.31
196,2018-07-13T13:25:20Z,2099.9,2105.2,20.32
197,2018-07-13T13:55:20Z,2099.9,2104,20.32
198,2018-07-13T14:25:20Z,2098.8,2103.5,20.32
199,2018-07-13T14:55:20Z,2097.2,2102.9,20.32
200,2018-07-13T15:25:20Z,2096.1,2101.1,20.32
201,2018-07-13T15:55:20Z,2095,2099.4,20.33
202,2018-07-13T16:25:20Z,2093.9,2098.8,20.33
203,2018-07-13T16:55:20Z,2092.9,2097.6,20.33
204,2018-07-13T17:25:20Z,2091.8,2097.1,20.33
205,2018-07-13T17:55:20Z,2091.8,2096.5,20.33
206,2018-07-13T18:25:20Z,2089.6,2094.7,20.33
207,2018-07-13T18:55:20Z,2089.6,2094.1,20.34
208,2018-07-13T19:25:20Z,2088.6,2093,20.34
209,2018-07-13T19:55:20Z,2087.5,2091.8,20.35
210,2018-07-13T20:25:20Z,2086.4,2091.2,20.35
211,2018-07-13T20:55:20Z,2085.3,2089.5,20.35
212,2018-07-13T21:25:20Z,2084.2,2088.9,20.35
213,2018-07-13T21:55:20Z,2083.7,2087.7,20.37
214,2018-07-13T22:25:20Z,2083.2,2087.2,20.37
215,2018-07-13T22:55:20Z,2082.1,2086.6,20.35
216,2018-07-13T23:25:20Z,2081,2085.4,20.37
217,2018-07-13T23:55:20Z,2080.5,2084.8,20.38
218,2018-07-14T00:25:20Z,2080.5,2084.8,20.38
219,2018-07-14T00:55:20Z,2079.9,2083.7,20.38
220,2018-07-14T01:25:20Z,2078.9,2083.1,20.39
221,2018-07-14T01:55:20Z,2078.3,2083.1,20.38
222,2018-07-14T02:25:20Z,2078.3,2082.5,20.38
223,2018-07-14T02:55:20Z,2077.8,2081.9,20.39
224,2018-07-14T03:25:20Z,2077.8,2081.3,20.39
225,2018-07-14T03:55:20Z,2077.8,2082.5,20.39
226,2018-07-14T04:25:20Z,2078.9,2083.1,20.39
227,2018-07-14T04:55:20Z,2085.3,2090.1,20.39
228,2018-07-14T05:25:20Z,2091.8,2096.5,20.39
229,2018-07-14T05:55:20Z,2096.1,2100.5,20.39
230,2018-07-14T06:25:20Z,2101,2104.6,20.39
231,2018-07-14T06:55:20Z,2102.6,2108.7,20.38
232,2018-07-14T07:25:20Z,2105.3,2111,20.39
233,2018-07-14T07:55:20Z,2107.4,2112.8,20.39
234,2018-07-14T08:25:20Z,2108.5,2113.9,20.38
235,2018-07-14T08:55:20Z,2108.5,2114.5,20.39
236,2018-07-14T09:25:20Z,2108.5,2113.9,20.39
237,2018-07-14T09:55:20Z,2109,2114.5,20.39
238,2018-07-14T10:25:20Z,2108.5,2113.9,20.39
239,2018-07-14T10:55:20Z,2108.5,2113.9,20.39
240,2018-07-14T11:25:20Z,2107.4,2112.8,20.39
241,2018-07-14T11:55:20Z,2106.9,2112.2,20.39
242,2018-07-14T12:25:20Z,2105.3,2110.4,20.39
243,2018-07-14T12:55:20Z,2103.6,2108.7,20.39
244,2018-07-14T13:25:20Z,2103.1,2108.7,20.39
245,2018-07-14T13:55:20Z,2102.6,2107.5,20.39
246,2018-07-14T14:25:20Z,2101.5,2105.8,20.38
247,2018-07-14T14:55:20Z,2100.4,2105.8,20.38
248,2018-07-14T15:25:20Z,2099.9,2104.6,20.37
249,2018-07-14T15:55:20Z,2098.3,2104,20.37
250,2018-07-14T16:25:20Z,2097.7,2102.9,20.35
251,2018-07-14T16:55:20Z,2096.6,2102.9,20.35
252,2018-07-14T17:25:20Z,2097.2,2102.3,20.35
253,2018-07-14T17:55:20Z,2096.6,2102.3,20.34
254,2018-07-14T18:25:20Z,2097.2,2102.9,20.35
255,2018-07-14T18:55:20Z,2097.2,2102.9,20.34
256,2018-07-14T19:25:20Z,2097.7,2102.9,20.34
257,2018-07-14T19:55:20Z,2097.2,2102.9,20.33
258,2018-07-14T20:25:20Z,2097.7,2102.9,20.33
259,2018-07-14T20:55:20Z,2097.2,2101.7,20.33
260,2018-07-14T21:25:20Z,2097.2,2102.3,20.33
261,2018-07-14T21:55:20Z,2096.6,2101.7,20.33
262,2018-07-14T22:25:20Z,2096.1,2101.1,20.32
263,2018-07-14T22:55:20Z,2096.1,2101.1,20.32
264,2018-07-14T23:25:20Z,2096.1,2100.5,20.32
265,2018-07-14T23:55:20Z,2095.6,2100.5,20.32
266,2018-07-15T00:25:20Z,2095,2100.5,20.32
267,2018-07-15T00:55:20Z,2095,2100.5,20.32
268,2018-07-15T01:25:20Z,2096.1,2100,20.32
269,2018-07-15T01:55:20Z,2095.6,2100.5,20.32
270,2018-07-15T02:25:20Z,2095,2100.5,20.32
271,2018-07-15T02:55:20Z,2095.6,2100.5,20.32
272,2018-07-15T03:25:20Z,2095,2100.5,20.32
273,2018-07-15T03:55:20Z,2095.6,2100.5,20.32
274,2018-07-15T04:25:20Z,2095.6,2100.5,20.32
275,2018-07-15T04:55:20Z,2095,2100.5,20.32
276,2018-07-15T05:25:20Z,2095.6,2101.7,20.32
277,2018-07-15T05:55:20Z,2102,2108.1,20.32
278,2018-07-15T06:25:20Z,2110.1,2115.7,20.32
279,2018-07-15T06:55:20Z,2118.8,2124.4,20.32
280,2018-07-15T07:25:20Z,2132.3,2138.4,20.32
281,2018-07-15T07:55:20Z,2145.2,2151.8,20.31
282,2018-07-15T08:25:20Z,2157.7,2166.4,20.31
283,2018-07-15T08:55:20Z,2172.3,2180.4,20.32
284,2018-07-15T09:25:20Z,2202.7,2210.8,20.32
285,2018-07-15T09:55:20Z,2248.9,2259.4,20.32
286,2018-07-15T10:25:20Z,2258.1,2270,20.32
287,2018-07-15T10:55:20Z,2257.6,2268.2,20.32
288,2018-07-15T11:25:20Z,2255.4,2266.5,20.32
289,2018-07-15T11:55:20Z,2254.3,2265.9,20.33
290,2018-07-15T12:25:20Z,2254.3,2265.3,20.32
291,2018-07-15T12:55:20Z,2253.8,2264.7,20.33
292,2018-07-15T13:25:20Z,2252.1,2264.1,20.33
293,2018-07-15T13:55:20Z,2251,2262.4,20.33
294,2018-07-15T14:25:20Z,2248.9,2260,20.33
295,2018-07-15T14:55:20Z,2246.7,2256.5,20.32
296,2018-07-15T15:25:20Z,2242.9,2253.6,20.32
297,2018-07-15T15:55:20Z,2240.7,2251.2,20.32
298,2018-07-15T16:25:20Z,2238.5,2249.5,20.32
299,2018-07-15T16:55:20Z,2237.4,2247.7,20.32
300,2018-07-15T17:25:20Z,2235.8,2246,20.32
301,2018-07-15T17:55:20Z,2234.7,2244.8,20.32
302,2018-07-15T18:25:20Z,2233.6,2243,20.32
303,2018-07-15T18:55:20Z,2232.5,2242.4,20.32
304,2018-07-15T19:25:20Z,2231.4,2241.3,20.32
305,2018-07-15T19:55:20Z,2230.4,2240.1,20.32
306,2018-07-15T20:25:20Z,2229.3,2238.9,20.32
307,2018-07-15T20:55:20Z,2229.3,2238.3,20.32
308,2018-07-15T21:25:20Z,2228.7,2237.8,20.32
309,2018-07-15T21:55:20Z,2227.1,2237.8,20.32
310,2018-07-15T22:25:20Z,2227.1,2236.6,20.32
311,2018-07-15T22:55:20Z,2227.1,2236.6,20.33
312,2018-07-15T23:25:20Z,2227.1,2236.6,20.32
313,2018-07-15T23:55:20Z,2226,2236,20.32
314,2018-07-16T00:25:20Z,2226,2235.4,20.32
315,2018-07-16T00:55:20Z,2224.9,2234.8,20.33
316,2018-07-16T01:25:20Z,2224.9,2234.2,20.32
317,2018-07-16T01:55:20Z,2224.9,2233.7,20.33
318,2018-07-16T02:25:20Z,2224.9,2233.7,20.33
319,2018-07-16T02:55:20Z,2223.8,2233.7,20.33
320,2018-07-16T03:25:20Z,2223.8,2233.1,20.33
321,2018-07-16T03:55:20Z,2223.8,2233.1,20.33
322,2018-07-16T04:25:20Z,2223.8,2232.5,20.33
323,2018-07-16T04:55:20Z,2222.7,2232.5,20.34
324,2018-07-16T05:25:20Z,2223.8,2232.5,20.34
325,2018-07-16T05:55:20Z,2222.7,2232.5,20.34
326,2018-07-16T06:25:20Z,2224.4,2233.7,20.34
327,2018-07-16T06:55:20Z,2238,2248.9,20.33
328,2018-07-16T07:25:20Z,2250.5,2260.6,20.34
329,2018-07-16T07:55:20Z,2265.7,2277.6,20.34
330,2018-07-16T08:25:20Z,2289.7,2302.9,20.34
331,2018-07-16T08:55:20Z,2323.6,2338.1,20.35
332,2018-07-16T09:25:20Z,2351,2366.4,20.35
333,2018-07-16T09:55:20Z,2371.8,2387,20.37
334,2018-07-16T10:25:20Z,2392.1,2408.2,20.37
335,2018-07-16T10:55:20Z,2393.2,2409.4,20.37
336,2018-07-16T11:25:20Z,2394.9,2411.2,20.37
337,2018-07-16T11:55:20Z,2391,2406.4,20.38
338,2018-07-16T12:25:20Z,2385,2400.6,20.38
339,2018-07-16T12:55:20Z,2378.4,2394.1,20.38
340,2018-07-16T13:11:33Z,NA,NA,NA
341,2018-07-16T13:11:39Z,NA,NA,NA
342,2018-07-16T13:25:20Z,2356.5,2370.5,20.88
343,2018-07-16T13:55:20Z,2314.9,2327,20.57
344,2018-07-16T14:25:20Z,2292.5,2305.2,20.48
345,2018-07-16T14:55:20Z,2287.6,2300.5,20.44
346,2018-07-16T15:25:20Z,2287.6,2299.9,20.42
347,2018-07-16T15:55:20Z,2285.4,2297.6,20.4
348,2018-07-16T16:25:20Z,2283.7,2295.2,20.4
349,2018-07-16T16:55:20Z,2281,2293.5,20.4
350,2018-07-16T17:25:20Z,2279.9,2292.3,20.39
351,2018-07-16T17:55:20Z,2278.8,2290.5,20.39
352,2018-07-16T18:25:20Z,2277.2,2289.9,20.39
353,2018-07-16T18:55:20Z,2277.2,2288.8,20.4
354,2018-07-16T19:25:20Z,2276.6,2288.8,20.4
355,2018-07-16T19:55:20Z,2275.6,2288.2,20.4
356,2018-07-16T20:25:20Z,2276.1,2288.2,20.4
357,2018-07-16T20:55:20Z,2275.6,2288.2,20.41
358,2018-07-16T21:25:20Z,2278.8,2289.9,20.42
359,2018-07-16T21:55:20Z,2282.1,2294.1,20.44
360,2018-07-16T22:25:20Z,2285.4,2298.2,20.45
361,2018-07-16T22:55:20Z,2289.7,2302.3,20.46
362,2018-07-16T23:25:20Z,2295.2,2307,20.47
363,2018-07-16T23:55:20Z,2299,2311.1,20.47
364,2018-07-17T00:25:20Z,2300.7,2314.6,20.48
365,2018-07-17T00:55:20Z,2303.4,2317,20.49
366,2018-07-17T01:25:20Z,2307.2,2319.9,20.5
367,2018-07-17T01:55:20Z,2308.9,2321.7,20.5
368,2018-07-17T02:25:20Z,2309.9,2323.4,20.52
369,2018-07-17T02:55:20Z,2311.6,2325.2,20.52
370,2018-07-17T03:25:20Z,2311.6,2325.2,20.53
371,2018-07-17T03:55:20Z,2312.7,2325.8,20.54
372,2018-07-17T04:25:20Z,2313.8,2327,20.54
373,2018-07-17T04:55:20Z,2312.7,2327,20.55
374,2018-07-17T05:25:20Z,2314.3,2326.4,20.56
375,2018-07-17T05:55:20Z,2314.3,2327,20.56
376,2018-07-17T06:25:20Z,2314.3,2328.1,20.57
377,2018-07-17T06:55:20Z,2314.9,2328.1,20.57
378,2018-07-17T07:25:20Z,2315.4,2328.1,20.57
379,2018-07-17T07:55:20Z,2318.7,2331.7,20.56
380,2018-07-17T08:25:20Z,2350.4,2364.6,20.57
381,2018-07-17T08:55:20Z,2416.9,2434.2,20.61
382,2018-07-17T09:25:20Z,2446.6,2464.3,20.62
383,2018-07-17T09:55:20Z,2473.1,2492.1,20.63
384,2018-07-17T10:25:20Z,2487.5,2506.9,20.64
385,2018-07-17T10:55:20Z,2486.9,2506.3,20.64
386,2018-07-17T11:25:20Z,2484.2,2503.9,20.66
387,2018-07-17T11:55:20Z,2484.7,2503.9,20.67
388,2018-07-17T12:25:20Z,2486.4,2505.7,20.69
389,2018-07-17T12:55:20Z,2488.1,2507.5,20.7
390,2018-07-17T13:25:20Z,2490.3,2509.2,20.7
391,2018-07-17T13:55:20Z,2489.2,2508.6,20.71
392,2018-07-17T14:25:20Z,2489.2,2509.2,20.72
393,2018-07-17T14:55:20Z,2489.2,2508.6,20.72
394,2018-07-17T15:25:20Z,2488.1,2507.5,20.74
395,2018-07-17T15:55:20Z,2488.1,2507.5,20.74
396,2018-07-17T16:25:20Z,2486.9,2506.9,20.74
397,2018-07-17T16:55:20Z,2486.9,2507.5,20.75
398,2018-07-17T17:25:20Z,2489.2,2508.6,20.78
399,2018-07-17T17:55:20Z,2491.9,2512.2,20.82
400,2018-07-17T18:25:20Z,2494.1,2514,20.84
401,2018-07-17T18:55:20Z,2495.8,2515.2,20.86
402,2018-07-17T19:25:20Z,2495.8,2515.2,20.88
403,2018-07-17T19:55:20Z,2496.9,2515.2,20.88
404,2018-07-17T20:25:20Z,2495.2,2516.3,20.88
405,2018-07-17T20:55:20Z,2495.8,2515.8,20.89
406,2018-07-17T21:25:20Z,2495.8,2515.8,20.89
407,2018-07-17T21:55:20Z,2495.8,2516.9,20.89
408,2018-07-17T22:25:20Z,2496.9,2516.9,20.9
409,2018-07-17T22:55:20Z,2498,2517.5,20.9
410,2018-07-17T23:25:20Z,2498,2518.1,20.91
411,2018-07-17T23:55:20Z,2498,2519.3,20.91
412,2018-07-18T00:25:20Z,2498,2518.7,20.91
413,2018-07-18T00:55:20Z,2498,2518.7,20.91
414,2018-07-18T01:25:20Z,2498,2518.7,20.92
415,2018-07-18T01:55:20Z,2498,2518.1,20.92
416,2018-07-18T02:25:20Z,2499.1,2518.1,20.92
417,2018-07-18T02:55:20Z,2498,2518.7,20.93
418,2018-07-18T03:25:20Z,2499.1,2518.7,20.93
419,2018-07-18T03:55:20Z,2498.6,2518.1,20.93
420,2018-07-18T04:25:20Z,2498,2518.1,20.93
421,2018-07-18T04:55:20Z,2498,2518.1,20.93
422,2018-07-18T05:25:20Z,2498,2518.1,20.93
423,2018-07-18T05:55:20Z,2498,2518.1,20.94
424,2018-07-18T06:25:20Z,2496.9,2518.1,20.93
425,2018-07-18T06:55:20Z,2497.5,2517.5,20.93
426,2018-07-18T07:25:20Z,2496.9,2517.5,20.94
427,2018-07-18T07:55:20Z,2496.9,2517.5,20.94
428,2018-07-18T08:25:20Z,2496.9,2516.9,20.93
429,2018-07-18T08:55:20Z,2495.8,2516.3,20.94
430,2018-07-18T09:25:20Z,2495.8,2516.3,20.94
431,2018-07-18T09:55:20Z,2495.8,2515.8,20.94
432,2018-07-18T10:25:20Z,2495.8,2515.8,20.94
433,2018-07-18T10:55:20Z,2494.7,2515.2,20.94
434,2018-07-18T11:25:20Z,2494.7,2515.2,20.94
435,2018-07-18T11:55:20Z,2494.7,2514.6,20.93
436,2018-07-18T12:25:20Z,2494.1,2514,20.93
437,2018-07-18T12:55:20Z,2493.6,2514,20.94
438,2018-07-18T13:25:20Z,2493.6,2512.2,20.93
439,2018-07-18T13:55:20Z,2493,2512.2,20.93
440,2018-07-18T14:25:20Z,2492.5,2512.2,20.93
441,2018-07-18T14:55:20Z,2492.5,2512.2,20.93
442,2018-07-18T15:25:20Z,2492.5,2511.6,20.94
443,2018-07-18T15:55:20Z,2491.4,2511,20.93
444,2018-07-18T16:25:20Z,2491.4,2510.4,20.93
445,2018-07-18T16:55:20Z,2490.3,2510.4,20.92
446,2018-07-18T17:25:20Z,2490.3,2509.8,20.92
447,2018-07-18T17:55:20Z,2489.7,2509.8,20.92
448,2018-07-18T18:25:20Z,2489.7,2509.8,20.92
449,2018-07-18T18:55:20Z,2489.7,2509.2,20.92
450,2018-07-18T19:25:20Z,2488.6,2509.2,20.91
451,2018-07-18T19:55:20Z,2488.6,2509.2,20.91
452,2018-07-18T20:25:20Z,2488.6,2508.6,20.91
453,2018-07-18T20:55:20Z,2488.6,2508.6,20.91
454,2018-07-18T21:25:20Z,2488.6,2507.5,20.91
455,2018-07-18T21:55:20Z,2488.1,2507.5,20.91
456,2018-07-18T22:25:20Z,2488.1,2506.9,20.91
457,2018-07-18T22:55:20Z,2488.1,2506.9,20.91
458,2018-07-18T23:25:20Z,2486.4,2506.9,20.9
459,2018-07-18T23:55:20Z,2486.4,2506.3,20.91
460,2018-07-19T00:25:20Z,2486.9,2506.3,20.9
461,2018-07-19T00:55:20Z,2486.4,2506.3,20.9
462,2018-07-19T01:25:20Z,2486.4,2506.3,20.9
463,2018-07-19T01:55:20Z,2486.4,2506.3,20.9
464,2018-07-19T02:25:20Z,2486.4,2506.9,20.9
465,2018-07-19T02:55:20Z,2486.9,2506.3,20.89
466,2018-07-19T03:25:20Z,2486.9,2506.9,20.89
467,2018-07-19T03:55:20Z,2486.9,2506.3,20.9
468,2018-07-19T04:25:20Z,2485.3,2506.3,20.89
469,2018-07-19T04:55:20Z,2486.4,2505.7,20.89
470,2018-07-19T05:25:20Z,2485.8,2506.9,20.89
471,2018-07-19T05:55:20Z,2485.3,2506.3,20.89
472,2018-07-19T06:25:20Z,2486.9,2506.3,20.88
473,2018-07-19T06:55:20Z,2486.9,2506.3,20.88
474,2018-07-19T07:25:20Z,2485.8,2505.1,20.88
475,2018-07-19T07:55:20Z,2485.8,2505.1,20.88
476,2018-07-19T08:25:20Z,2485.8,2505.1,20.86
477,2018-07-19T08:55:20Z,2485.8,2505.1,20.86
478,2018-07-19T09:25:20Z,2485.3,2505.7,20.86
479,2018-07-19T09:55:20Z,2485.3,2504.5,20.85
480,2018-07-19T10:25:20Z,2484.7,2504.5,20.85
481,2018-07-19T10:55:20Z,2484.2,2503.9,20.85
482,2018-07-19T11:25:20Z,2484.2,2503.9,20.84
483,2018-07-19T11:55:20Z,2482.5,2502.7,20.84
484,2018-07-19T12:25:20Z,2483.6,2502.1,20.84
485,2018-07-19T12:55:20Z,2482,2501.5,20.83
486,2018-07-19T13:25:20Z,2480.9,2501.5,20.82
487,2018-07-19T13:55:20Z,2480.3,2500.4,20.82
488,2018-07-19T14:25:20Z,2479.8,2499.8,20.81
489,2018-07-19T14:55:20Z,2479.8,2499.2,20.81
490,2018-07-19T15:25:20Z,2477.6,2497.4,20.79
491,2018-07-19T15:55:20Z,2477.6,2496.8,20.79
492,2018-07-19T16:25:20Z,2476.4,2495.6,20.78
493,2018-07-19T16:55:20Z,2476.4,2494.4,20.77
494,2018-07-19T17:25:20Z,2475.3,2494.4,20.77
495,2018-07-19T17:55:20Z,2473.7,2493.3,20.76
496,2018-07-19T18:25:20Z,2473.1,2492.7,20.76
497,2018-07-19T18:55:20Z,2472,2492.1,20.75
498,2018-07-19T19:25:20Z,2472,2491.5,20.74
499,2018-07-19T19:55:20Z,2472.6,2490.9,20.74
500,2018-07-19T20:25:20Z,2472,2490.9,20.74
501,2018-07-19T20:55:20Z,2470.4,2490.3,20.72
502,2018-07-19T21:25:20Z,2470.4,2489.7,20.72
503,2018-07-19T21:55:20Z,2470.4,2489.7,20.71
504,2018-07-19T22:25:20Z,2469.8,2488.5,20.71
505,2018-07-19T22:55:20Z,2469.8,2488.5,20.7
506,2018-07-19T23:25:20Z,2469.3,2488.5,20.7
507,2018-07-19T23:55:20Z,2468.2,2487.9,20.69
508,2018-07-20T00:25:20Z,2468.2,2487.4,20.69
509,2018-07-20T00:55:20Z,2466.5,2487.4,20.69
510,2018-07-20T01:25:20Z,2467.1,2486.2,20.69
511,2018-07-20T01:55:20Z,2466.5,2486.2,20.69
512,2018-07-20T02:25:20Z,2466,2485.6,20.69
513,2018-07-20T02:55:20Z,2466,2485.6,20.69
514,2018-07-20T03:25:20Z,2466,2485.6,20.68
515,2018-07-20T03:55:20Z,2466.5,2485.6,20.69
516,2018-07-20T04:25:20Z,2466.5,2485.6,20.68
517,2018-07-20T04:55:20Z,2467.1,2486.2,20.68
518,2018-07-20T05:25:20Z,2467.1,2485.6,20.68
519,2018-07-20T05:55:20Z,2466,2485.6,20.67
520,2018-07-20T06:25:20Z,2466,2485.6,20.67
521,2018-07-20T06:55:20Z,2466,2485,20.67
522,2018-07-20T07:25:20Z,2464.8,2485,20.66
523,2018-07-20T07:55:20Z,2464.8,2483.8,20.67
524,2018-07-20T08:25:20Z,2464.3,2483.2,20.66
525,2018-07-20T08:55:20Z,2463.2,2482.6,20.64
526,2018-07-20T09:25:20Z,2463.2,2481.4,20.64
527,2018-07-20T09:55:20Z,2462.1,2480.8,20.64
528,2018-07-20T10:25:20Z,2461,2480.3,20.63
529,2018-07-20T10:55:20Z,2461,2479.7,20.62
530,2018-07-20T11:25:20Z,2459.3,2478.5,20.61
531,2018-07-20T11:55:20Z,2458.8,2477.9,20.61
532,2018-07-20T12:25:20Z,2457.7,2476.1,20.61
533,2018-07-20T12:55:20Z,2457.7,2475.5,20.6
534,2018-07-20T13:25:20Z,2456.6,2474.9,20.6
535,2018-07-20T13:55:20Z,2455.5,2474.3,20.6
536,2018-07-20T14:25:20Z,2452.7,2473.2,20.59
537,2018-07-20T14:55:20Z,2452.7,2472,20.59
538,2018-07-20T15:25:20Z,2451.6,2470.2,20.57
539,2018-07-20T15:55:20Z,2450.5,2469,20.57
540,2018-07-20T16:25:20Z,2448.8,2468.4,20.57
541,2018-07-20T16:55:20Z,2448.8,2466.7,20.56
542,2018-07-20T17:25:20Z,2447.2,2464.9,20.55
543,2018-07-20T17:55:20Z,2446.1,2463.7,20.55
544,2018-07-20T18:25:20Z,2445,2463.1,20.54
545,2018-07-20T18:55:20Z,2443.3,2461.9,20.54
546,2018-07-20T19:25:20Z,2443.3,2461.3,20.53
547,2018-07-20T19:55:20Z,2442.2,2460.2,20.53
548,2018-07-20T20:25:20Z,2441.7,2459.6,20.53
549,2018-07-20T20:55:20Z,2441.1,2459,20.53
550,2018-07-20T21:25:20Z,2441.1,2459,20.52
551,2018-07-20T21:55:20Z,2440,2459,20.52
552,2018-07-20T22:25:20Z,2440.6,2458.4,20.5
553,2018-07-20T22:55:20Z,2440,2459,20.5
554,2018-07-20T23:25:20Z,2441.1,2459,20.5
555,2018-07-20T23:55:20Z,2441.7,2459,20.5
556,2018-07-21T00:25:20Z,2441.1,2460.2,20.5
557,2018-07-21T00:55:20Z,2442.8,2460.8,20.52
558,2018-07-21T01:25:20Z,2443.9,2461.3,20.5
559,2018-07-21T01:55:20Z,2445,2463.7,20.5
560,2018-07-21T02:25:20Z,2445,2463.7,20.5
561,2018-07-21T02:55:20Z,2446.6,2465.5,20.5
562,2018-07-21T03:25:20Z,2448.3,2467.3,20.52
563,2018-07-21T03:55:20Z,2449.9,2468.4,20.52
564,2018-07-21T04:25:20Z,2451.6,2469.6,20.52
565,2018-07-21T04:55:20Z,2451.6,2470.2,20.53
566,2018-07-21T05:25:20Z,2451.6,2470.2,20.53
567,2018-07-21T05:55:20Z,2449.9,2468.4,20.53
568,2018-07-21T06:25:20Z,2449.9,2468.4,20.53
569,2018-07-21T06:55:20Z,2449.9,2468.4,20.54
570,2018-07-21T07:25:20Z,2448.8,2468.4,20.53
571,2018-07-21T07:55:20Z,2448.8,2467.8,20.53
572,2018-07-21T08:25:20Z,2448.3,2467.8,20.54
573,2018-07-21T08:55:20Z,2448.8,2467.8,20.54
574,2018-07-21T09:25:20Z,2448.3,2467.8,20.54
575,2018-07-21T09:55:20Z,2448.3,2467.3,20.54
576,2018-07-21T10:25:20Z,2448.3,2466.7,20.54
577,2018-07-21T10:55:20Z,2448.3,2467.3,20.54
578,2018-07-21T11:25:20Z,2448.3,2467.3,20.54
579,2018-07-21T11:55:20Z,2449.9,2467.8,20.53
580,2018-07-21T12:25:20Z,2449.9,2469,20.53
581,2018-07-21T12:55:20Z,2451.6,2470.2,20.53
582,2018-07-21T13:25:20Z,2452.2,2471.4,20.53
583,2018-07-21T13:55:20Z,2453.3,2472,20.54
584,2018-07-21T14:25:20Z,2454.9,2473.8,20.54
585,2018-07-21T14:55:20Z,2456,2474.3,20.54
586,2018-07-21T15:25:20Z,2457.7,2476.7,20.54
587,2018-07-21T15:55:20Z,2459.9,2479.1,20.54
588,2018-07-21T16:25:20Z,2462.1,2481.4,20.54
589,2018-07-21T16:55:20Z,2466,2485,20.54
590,2018-07-21T17:25:20Z,2472,2490.9,20.53
591,2018-07-21T17:55:20Z,2475.9,2496.2,20.53
592,2018-07-21T18:25:20Z,2479.2,2500.4,20.52
593,2018-07-21T18:55:20Z,2485.8,2505.7,20.52
594,2018-07-21T19:25:20Z,2489.2,2509.8,20.5
595,2018-07-21T19:55:20Z,2490.3,2510.4,20.5
596,2018-07-21T20:25:20Z,2483.1,2502.7,20.49
597,2018-07-21T20:55:20Z,2484.2,2505.1,20.48
598,2018-07-21T21:25:20Z,2486.9,2507.5,20.48
599,2018-07-21T21:55:20Z,2488.1,2508.6,20.48
600,2018-07-21T22:25:20Z,2492.5,2512.8,20.48
601,2018-07-21T22:55:20Z,2497.5,2517.5,20.47
602,2018-07-21T23:25:20Z,2500.2,2521.1,20.46
603,2018-07-21T23:55:20Z,2503,2524,20.46
604,2018-07-22T00:25:20Z,2503.5,2524,20.45
605,2018-07-22T00:55:20Z,2504.1,2525.8,20.45
606,2018-07-22T01:25:20Z,2509.1,2530.6,20.44
607,2018-07-22T01:55:20Z,2512.4,2534.7,20.44
608,2018-07-22T02:25:20Z,2517.9,2539.4,20.42
609,2018-07-22T02:55:20Z,2520.7,2543,20.42
610,2018-07-22T03:25:20Z,2522.9,2544.8,20.41
611,2018-07-22T03:55:20Z,2524.6,2546,20.41
612,2018-07-22T04:25:20Z,2524.6,2546,20.41
613,2018-07-22T04:55:20Z,2524.6,2546.5,20.4
614,2018-07-22T05:25:20Z,2524.6,2546,20.4
615,2018-07-22T05:55:20Z,2523.5,2545.4,20.39
616,2018-07-22T06:25:20Z,2521.3,2543.6,20.39
617,2018-07-22T06:55:20Z,2520.7,2542.4,20.39
618,2018-07-22T07:25:20Z,2520.2,2541.8,20.38
619,2018-07-22T07:55:20Z,2518.5,2540,20.38
620,2018-07-22T08:25:20Z,2517.4,2539.4,20.38
621,2018-07-22T08:55:20Z,2516.3,2538.8,20.37
622,2018-07-22T09:25:20Z,2516.3,2537.7,20.37
623,2018-07-22T09:55:20Z,2516.3,2537.7,20.35
624,2018-07-22T10:25:20Z,2516.3,2537.7,20.35
625,2018-07-22T10:55:20Z,2516.3,2536.5,20.35
626,2018-07-22T11:25:20Z,2514.6,2536.5,20.34
627,2018-07-22T11:55:20Z,2515.2,2536.5,20.32
628,2018-07-22T12:25:20Z,2514.1,2535.9,20.32
629,2018-07-22T12:55:20Z,2514.6,2535.9,20.32
630,2018-07-22T13:25:20Z,2514.1,2535.3,20.31
631,2018-07-22T13:55:20Z,2513.5,2535.3,20.31
632,2018-07-22T14:25:20Z,2513.5,2535.3,20.31
633,2018-07-22T14:55:20Z,2513.5,2535.9,20.31
634,2018-07-22T15:25:20Z,2515.7,2537.1,20.3
635,2018-07-22T15:55:20Z,2518.5,2538.8,20.3
636,2018-07-22T16:25:20Z,2520.7,2541.8,20.28
637,2018-07-22T16:55:20Z,2522.4,2544.2,20.28
638,2018-07-22T17:25:20Z,2525.7,2548.3,20.27
639,2018-07-22T17:55:20Z,2527.4,2548.9,20.27
640,2018-07-22T18:25:20Z,2529.6,2551.3,20.26
641,2018-07-22T18:55:20Z,2532.4,2553.7,20.26
642,2018-07-22T19:25:20Z,2535.7,2557.2,20.26
643,2018-07-22T19:55:20Z,2538.5,2560.8,20.25
644,2018-07-22T20:25:20Z,2543.4,2565.5,20.25
645,2018-07-22T20:55:20Z,2546.8,2568.5,20.24
646,2018-07-22T21:25:20Z,2549.6,2571.4,20.24
647,2018-07-22T21:55:20Z,2552.9,2573.8,20.23
648,2018-07-22T22:25:20Z,2555.7,2577.4,20.23
649,2018-07-22T22:55:20Z,2556.8,2578.6,20.22
650,2018-07-22T23:25:20Z,2558.4,2579.8,20.22
651,2018-07-22T23:55:20Z,2559.5,2581.5,20.2
652,2018-07-23T00:25:20Z,2560.7,2582.7,20.2
653,2018-07-23T00:55:20Z,2562.3,2584.5,20.19
654,2018-07-23T01:25:20Z,2562.9,2586.3,20.19
655,2018-07-23T01:55:20Z,2565.1,2587.5,20.19
656,2018-07-23T02:25:20Z,2566.2,2588.6,20.18
657,2018-07-23T02:55:20Z,2567.9,2591,20.18
658,2018-07-23T03:25:20Z,2570.1,2593.4,20.17
659,2018-07-23T03:55:20Z,2571.8,2594.6,20.17
660,2018-07-23T04:25:20Z,2572.9,2595.2,20.17
661,2018-07-23T04:55:20Z,2574,2595.8,20.17
662,2018-07-23T05:25:20Z,2574,2595.8,20.17
663,2018-07-23T05:55:20Z,2574,2595.8,20.16
664,2018-07-23T06:25:20Z,2571.8,2594,20.15
665,2018-07-23T06:55:20Z,2570.1,2592.8,20.16
666,2018-07-23T07:25:20Z,2569,2592.2,20.15
667,2018-07-23T07:55:20Z,2569,2591.6,20.15
668,2018-07-23T08:25:20Z,2567.9,2590.4,20.15
669,2018-07-23T08:55:20Z,2567.9,2589.2,20.15
670,2018-07-23T09:25:20Z,2566.8,2589.8,20.13
671,2018-07-23T09:55:20Z,2567.9,2590.4,20.13
672,2018-07-23T10:25:20Z,2567.9,2589.8,20.13
673,2018-07-23T10:55:20Z,2566.8,2588.6,20.13
674,2018-07-23T11:25:20Z,2566.8,2588.1,20.12
675,2018-07-23T11:55:20Z,2567.9,2590.4,20.12
676,2018-07-23T12:25:20Z,2569.6,2591,20.11
677,2018-07-23T12:55:20Z,2570.7,2592.8,20.12
678,2018-07-23T13:25:20Z,2569,2592.2,20.11
679,2018-07-23T13:55:20Z,2570.1,2592.8,20.1
680,2018-07-23T14:25:20Z,2569.6,2592.8,20.11
681,2018-07-23T14:55:20Z,2571.8,2594,20.11
682,2018-07-23T15:25:20Z,2571.8,2594.6,20.1
683,2018-07-23T15:55:20Z,2570.7,2593.4,20.1
684,2018-07-23T16:25:20Z,2567.9,2591,20.1
685,2018-07-23T16:55:20Z,2567.3,2589.8,20.1
686,2018-07-23T17:25:20Z,2566.8,2588.6,20.1
687,2018-07-23T17:55:20Z,2565.7,2588.1,20.1
688,2018-07-23T18:25:20Z,2564,2586.9,20.1
689,2018-07-23T18:55:20Z,2564,2586.9,20.1
690,2018-07-23T19:25:20Z,2564,2586.9,20.1
691,2018-07-23T19:55:20Z,2564.5,2585.7,20.1
692,2018-07-23T20:25:20Z,2564,2586.3,20.11
693,2018-07-23T20:55:20Z,2564.5,2587.5,20.12
694,2018-07-23T21:25:20Z,2565.7,2587.5,20.12
695,2018-07-23T21:55:20Z,2565.7,2587.5,20.13
696,2018-07-23T22:25:20Z,2566.8,2588.1,20.13
697,2018-07-23T22:55:20Z,2567.3,2589.8,20.13
698,2018-07-23T23:25:20Z,2570.7,2592.2,20.13
699,2018-07-23T23:55:20Z,2571.2,2595.2,20.13
700,2018-07-24T00:25:20Z,2575.7,2598.1,20.15
701,2018-07-24T00:55:20Z,2579,2601.7,20.13
702,2018-07-24T01:25:20Z,2584,2605.9,20.13
703,2018-07-24T01:55:20Z,2587.3,2610.6,20.13
704,2018-07-24T02:25:20Z,2593.5,2617.7,20.13
705,2018-07-24T02:55:20Z,2599.6,2623.1,20.13
706,2018-07-24T03:25:20Z,2601.8,2626.1,20.13
707,2018-07-24T03:55:20Z,2605.7,2630.2,20.13
708,2018-07-24T04:25:20Z,2610.7,2635,20.13
709,2018-07-24T04:55:20Z,2615.8,2639.7,20.13
710,2018-07-24T05:25:20Z,2616.9,2642.1,20.13
711,2018-07-24T05:55:20Z,2618,2643.3,20.13
712,2018-07-24T06:25:20Z,2619.1,2645.1,20.13
713,2018-07-24T06:55:20Z,2623,2646.8,20.13
714,2018-07-24T07:25:20Z,2621.9,2646.8,20.13
715,2018-07-24T07:55:20Z,2620.8,2645.1,20.15
716,2018-07-24T08:25:20Z,2618,2642.7,20.15
717,2018-07-24T08:55:20Z,2616.9,2642.1,20.15
718,2018-07-24T09:25:20Z,2618,2643.9,20.15
719,2018-07-24T09:55:20Z,2621.9,2647.4,20.16
720,2018-07-24T10:25:20Z,2624.1,2649.2,20.17
721,2018-07-24T10:55:20Z,2623.6,2648.6,20.17
722,2018-07-24T11:25:20Z,2625.8,2651,20.17
723,2018-07-24T11:55:20Z,2629.7,2654,20.17
724,2018-07-24T12:25:20Z,2630.8,2655.8,20.17
725,2018-07-24T12:55:20Z,2632.5,2657.5,20.18
726,2018-07-24T13:25:20Z,2639.2,2664.7,20.17
727,2018-07-24T13:55:20Z,2644.8,2670,20.18
728,2018-07-24T14:25:20Z,2647.6,2672.4,20.18
729,2018-07-24T14:55:20Z,2650.9,2677.2,20.18
730,2018-07-24T15:25:20Z,2654.3,2680.7,20.18
731,2018-07-24T15:55:20Z,2657.1,2683.1,20.18
732,2018-07-24T16:25:20Z,2658.2,2684.9,20.18
733,2018-07-24T16:55:20Z,2662.1,2687.9,20.19
734,2018-07-24T17:25:20Z,2662.1,2689.1,20.19
735,2018-07-24T17:55:20Z,2663.2,2688.5,20.19
736,2018-07-24T18:25:20Z,2663.2,2688.5,20.2
737,2018-07-24T18:55:20Z,2662.1,2687.9,20.2
738,2018-07-24T19:25:20Z,2661,2686.7,20.2
739,2018-07-24T19:55:20Z,2661,2686.7,20.2
740,2018-07-24T20:25:20Z,2659.9,2685.5,20.2
741,2018-07-24T20:55:20Z,2659.9,2685.5,20.2
742,2018-07-24T21:25:20Z,2659.9,2685.5,20.22
743,2018-07-24T21:55:20Z,2658.2,2684.3,20.23
744,2018-07-24T22:25:20Z,2658.2,2684.3,20.23
745,2018-07-24T22:55:20Z,2658.2,2684.3,20.23
746,2018-07-24T23:25:20Z,2659.3,2685.5,20.24
747,2018-07-24T23:55:20Z,2662.7,2687.9,20.25
748,2018-07-25T00:25:20Z,2663.8,2690.9,20.25
749,2018-07-25T00:55:20Z,2666,2691.5,20.25
750,2018-07-25T01:25:20Z,2666.6,2692.6,20.26
751,2018-07-25T01:55:20Z,2669.4,2695.6,20.26
752,2018-07-25T02:25:20Z,2672.2,2699.2,20.25
753,2018-07-25T02:55:20Z,2675,2701,20.26
754,2018-07-25T03:25:20Z,2676.1,2704.6,20.25
755,2018-07-25T03:55:20Z,2678.9,2706.3,20.26
756,2018-07-25T04:25:20Z,2683.9,2709.3,20.25
757,2018-07-25T04:55:20Z,2685.1,2712.3,20.25
758,2018-07-25T05:25:20Z,2686.2,2713.5,20.25
759,2018-07-25T05:55:20Z,2686.7,2712.9,20.25
760,2018-07-25T06:25:20Z,2687.9,2714.7,20.26
761,2018-07-25T06:55:20Z,2687.9,2714.7,20.25
762,2018-07-25T07:25:20Z,2686.2,2713.5,20.25
763,2018-07-25T07:55:20Z,2686.2,2712.3,20.26
764,2018-07-25T08:25:20Z,2685.1,2712.3,20.26
765,2018-07-25T08:55:20Z,2685.1,2711.7,20.26
766,2018-07-25T09:25:20Z,2685.1,2711.1,20.26
767,2018-07-25T09:55:20Z,2685.1,2711.1,20.27
768,2018-07-25T10:25:20Z,2685.1,2711.1,20.28
769,2018-07-25T10:55:20Z,2683.9,2711.7,20.27
770,2018-07-25T11:25:20Z,2685.1,2712.3,20.28
771,2018-07-25T11:55:20Z,2686.2,2712.3,20.28
772,2018-07-25T12:25:20Z,2686.7,2712.9,20.28
773,2018-07-25T12:55:20Z,2686.2,2712.9,20.28
774,2018-07-25T13:25:20Z,2686.7,2714.1,20.3
775,2018-07-25T13:55:20Z,2686.7,2714.7,20.3
776,2018-07-25T14:25:20Z,2686.7,2714.7,20.28
777,2018-07-25T14:55:20Z,2687.9,2715.3,20.3
778,2018-07-25T15:25:20Z,2687.9,2715.3,20.3
779,2018-07-25T15:55:20Z,2688.4,2715.9,20.3
780,2018-07-25T16:25:20Z,2688.4,2716.5,20.3
781,2018-07-25T16:55:20Z,2687.9,2716.5,20.3
782,2018-07-25T17:25:20Z,2688.4,2717.7,20.3
783,2018-07-25T17:55:20Z,2688.4,2717.1,20.31
784,2018-07-25T18:25:20Z,2688.4,2718.2,20.31
785,2018-07-25T18:55:20Z,2689.5,2718.2,20.31
786,2018-07-25T19:25:20Z,2690.1,2718.8,20.3
787,2018-07-25T19:55:20Z,2690.7,2719.4,20.31
788,2018-07-25T20:25:20Z,2690.7,2720,20.31
789,2018-07-25T20:55:20Z,2692.3,2720.6,20.31
790,2018-07-25T21:25:20Z,2690.7,2721.2,20.3
791,2018-07-25T21:55:20Z,2693.5,2722.4,20.3
792,2018-07-25T22:25:20Z,2694.6,2723.6,20.31
793,2018-07-25T22:55:20Z,2695.7,2724.8,20.31
794,2018-07-25T23:25:20Z,2695.7,2726,20.31
795,2018-07-25T23:55:20Z,2696.3,2726.6,20.31
796,2018-07-26T00:25:20Z,2697.4,2727.2,20.32
797,2018-07-26T00:55:20Z,2698.5,2728.4,20.32
798,2018-07-26T01:25:20Z,2699.1,2729,20.32
799,2018-07-26T01:55:20Z,2700.2,2730.2,20.33
800,2018-07-26T02:25:20Z,2700.2,2730.8,20.33
801,2018-07-26T02:55:20Z,2702.4,2732.5,20.33
802,2018-07-26T03:25:20Z,2703.6,2733.7,20.33
803,2018-07-26T03:55:20Z,2704.1,2734.3,20.33
804,2018-07-26T04:25:20Z,2706.4,2736.7,20.33
805,2018-07-26T04:55:20Z,2707.5,2737.9,20.33
806,2018-07-26T05:25:20Z,2708,2739.7,20.33
807,2018-07-26T05:55:20Z,2709.2,2740.3,20.33
808,2018-07-26T06:25:20Z,2710.3,2740.9,20.33
809,2018-07-26T06:55:20Z,2711.4,2741.5,20.33
810,2018-07-26T07:25:20Z,2711.4,2742.1,20.33
811,2018-07-26T07:55:20Z,2710.8,2741.5,20.33
812,2018-07-26T08:25:20Z,2710.3,2742.1,20.33
813,2018-07-26T08:55:20Z,2711.4,2742.1,20.33
814,2018-07-26T09:25:20Z,2711.4,2742.7,20.33
815,2018-07-26T09:55:20Z,2711.4,2742.7,20.33
816,2018-07-26T10:25:20Z,2712,2742.7,20.32
817,2018-07-26T10:55:20Z,2713.1,2743.3,20.32
818,2018-07-26T11:25:20Z,2711.4,2742.7,20.32
819,2018-07-26T11:55:20Z,2712.5,2742.7,20.33
820,2018-07-26T12:25:20Z,2712,2742.7,20.32
821,2018-07-26T12:55:20Z,2711.4,2742.1,20.32
822,2018-07-26T13:25:20Z,2711.4,2742.7,20.32
823,2018-07-26T13:55:20Z,2711.4,2742.7,20.31
824,2018-07-26T14:25:20Z,2711.4,2742.1,20.31
825,2018-07-26T14:55:20Z,2711.4,2742.1,20.32
826,2018-07-26T15:25:20Z,2711.4,2742.1,20.31
827,2018-07-26T15:55:20Z,2710.8,2742.1,20.31
828,2018-07-26T16:25:20Z,2712,2742.7,20.31
829,2018-07-26T16:55:20Z,2711.4,2742.1,20.31
830,2018-07-26T17:25:20Z,2712,2742.7,20.31
831,2018-07-26T17:55:20Z,2712,2742.7,20.3
832,2018-07-26T18:25:20Z,2712,2742.7,20.31
833,2018-07-26T18:55:20Z,2712.5,2743.9,20.3
834,2018-07-26T19:25:20Z,2713.1,2743.9,20.31
835,2018-07-26T19:55:20Z,2714.8,2744.5,20.3
836,2018-07-26T20:25:20Z,2714.8,2745.1,20.3
837,2018-07-26T20:55:20Z,2714.8,2745.7,20.31
838,2018-07-26T21:25:20Z,2715.9,2746.9,20.31
839,2018-07-26T21:55:20Z,2717,2747.4,20.31
840,2018-07-26T22:25:20Z,2717,2749.2,20.31
841,2018-07-26T22:55:20Z,2718.1,2749.8,20.31
842,2018-07-26T23:25:20Z,2719.8,2751,20.32
843,2018-07-26T23:55:20Z,2719.8,2752.8,20.32
844,2018-07-27T00:25:20Z,2720.9,2752.8,20.32
845,2018-07-27T00:55:20Z,2722.6,2754.6,20.32
846,2018-07-27T01:25:20Z,2723.8,2756.4,20.32
847,2018-07-27T01:55:20Z,2724.9,2757.6,20.33
848,2018-07-27T02:25:20Z,2726,2758.8,20.33
849,2018-07-27T02:55:20Z,2727.7,2760,20.33
850,2018-07-27T03:25:20Z,2728.8,2761.2,20.33
851,2018-07-27T03:55:20Z,2728.8,2761.8,20.34
852,2018-07-27T04:25:20Z,2730.5,2763.5,20.34
853,2018-07-27T04:55:20Z,2731.6,2764.7,20.34
854,2018-07-27T05:25:20Z,2732.7,2765.9,20.35
855,2018-07-27T05:55:20Z,2733.9,2767.7,20.35
856,2018-07-27T06:25:20Z,2735.5,2769.5,20.35
857,2018-07-27T06:55:20Z,2736.7,2771.3,20.35
858,2018-07-27T07:25:20Z,2738.4,2773.1,20.35
859,2018-07-27T07:55:20Z,2739.5,2774.9,20.37
860,2018-07-27T08:25:20Z,2740.6,2777.3,20.37
861,2018-07-27T08:55:20Z,2741.7,2779.6,20.37
862,2018-07-27T09:25:20Z,2744.5,2781.4,20.37
863,2018-07-27T09:55:20Z,2746.8,2784.4,20.38
864,2018-07-27T10:25:20Z,2748.5,2786.8,20.37
865,2018-07-27T10:55:20Z,2750.7,2789.8,20.38
866,2018-07-27T11:25:20Z,2751.9,2791.6,20.38
867,2018-07-27T11:55:20Z,2753.5,2794,20.38
868,2018-07-27T12:25:20Z,2755.8,2797,20.38
869,2018-07-27T12:55:20Z,2756.4,2799.3,20.38
870,2018-07-27T13:25:20Z,2757.5,2801.1,20.38
871,2018-07-27T13:55:20Z,2758.6,2804.1,20.38
872,2018-07-27T14:25:20Z,2759.7,2807.1,20.38
873,2018-07-27T14:55:20Z,2760.3,2810.1,20.38
874,2018-07-27T15:25:20Z,2764.8,2811.9,20.39
875,2018-07-27T15:55:20Z,2767.6,2814.9,20.39
876,2018-07-27T16:25:20Z,2770.4,2819,20.38
877,2018-07-27T16:55:20Z,2778.3,2826.8,20.38
878,2018-07-27T17:25:20Z,2781.1,2832.2,20.39
879,2018-07-27T17:55:20Z,2787.3,2837,20.39
880,2018-07-27T18:25:20Z,2790.2,2841.7,20.4
881,2018-07-27T18:55:20Z,2790.7,2845.3,20.41
882,2018-07-27T19:25:20Z,2789.6,2847.7,20.41
883,2018-07-27T19:55:20Z,2794.7,2851.9,20.42
884,2018-07-27T20:25:20Z,2798.6,2856.1,20.44
885,2018-07-27T20:55:20Z,2804.8,2859.7,20.45
886,2018-07-27T21:25:20Z,2808.8,2863.9,20.46
887,2018-07-27T21:55:20Z,2811,2866.9,20.47
888,2018-07-27T22:25:20Z,2813.9,2870.4,20.47
889,2018-07-27T22:55:20Z,2816.1,2873.4,20.47
890,2018-07-27T23:25:20Z,2819,2876.4,20.48
891,2018-07-27T23:55:20Z,2824,2878.8,20.48
892,2018-07-28T00:25:20Z,2825.7,2881.8,20.49
893,2018-07-28T00:55:20Z,2829.1,2884.8,20.49
894,2018-07-28T01:25:20Z,2826.9,2887.2,20.5
895,2018-07-28T01:55:20Z,2829.7,2889,20.5
896,2018-07-28T02:25:20Z,2830.8,2891.4,20.5
897,2018-07-28T02:55:20Z,2837,2894.4,20.52
898,2018-07-28T03:25:20Z,2839.9,2895.6,20.52
899,2018-07-28T03:55:20Z,2839.9,2896.8,20.52
900,2018-07-28T04:25:20Z,2842.1,2899.2,20.52
901,2018-07-28T04:55:20Z,2845,2900.4,20.52
902,2018-07-28T05:25:20Z,2841.6,2903.3,20.52
903,2018-07-28T05:55:20Z,2844.4,2905.1,20.52
904,2018-07-28T06:25:20Z,2845.5,2906.3,20.52
905,2018-07-28T06:55:20Z,2848.4,2907.5,20.52
906,2018-07-28T07:25:20Z,2845.5,2909.3,20.53
907,2018-07-28T07:55:20Z,2847.2,2909.9,20.53
908,2018-07-28T08:25:20Z,2846.1,2911.7,20.52
909,2018-07-28T08:55:20Z,2848.4,2912.3,20.52
910,2018-07-28T09:25:20Z,2847.2,2912.9,20.52
911,2018-07-28T09:55:20Z,2851.2,2914.1,20.52
912,2018-07-28T10:25:20Z,2849.5,2914.7,20.5
913,2018-07-28T10:55:20Z,2852.3,2915.3,20.52
914,2018-07-28T11:25:20Z,2848.9,2915.3,20.5
915,2018-07-28T11:55:20Z,2853.5,2916.5,20.5
916,2018-07-28T12:25:20Z,2854.6,2916.5,20.49
917,2018-07-28T12:55:20Z,2853.5,2917.1,20.49
918,2018-07-28T13:25:20Z,2854.6,2917.7,20.49
919,2018-07-28T13:55:20Z,2854.6,2917.7,20.5
920,2018-07-28T14:25:20Z,2850.1,2917.7,20.49
921,2018-07-28T14:55:20Z,2855.7,2918.9,20.49
922,2018-07-28T15:25:20Z,2855.2,2918.9,20.49
923,2018-07-28T15:55:20Z,2856.9,2918.9,20.49
924,2018-07-28T16:25:20Z,2856.3,2920.7,20.48
925,2018-07-28T16:55:20Z,2858.6,2921.3,20.49
926,2018-07-28T17:25:20Z,2860.8,2921.9,20.48
927,2018-07-28T17:55:20Z,2860.3,2923.7,20.48
928,2018-07-28T18:25:20Z,2862.5,2924.3,20.48
929,2018-07-28T18:55:20Z,2863.1,2925.5,20.48
930,2018-07-28T19:25:20Z,2864.8,2926.7,20.48
931,2018-07-28T19:55:20Z,2866.5,2929.1,20.48
932,2018-07-28T20:25:20Z,2868.2,2929.7,20.49
933,2018-07-28T20:55:20Z,2869.3,2931.5,20.48
934,2018-07-28T21:25:20Z,2870.5,2932.7,20.49
935,2018-07-28T21:55:20Z,2872.2,2933.9,20.49
936,2018-07-28T22:25:20Z,2872.2,2935.7,20.49
937,2018-07-28T22:55:20Z,2874.4,2937.5,20.49
938,2018-07-28T23:25:20Z,2875,2939.3,20.5
939,2018-07-28T23:55:20Z,2877.8,2939.9,20.49
940,2018-07-29T00:25:20Z,2879,2941.7,20.5
941,2018-07-29T00:55:20Z,2875,2943.5,20.5
942,2018-07-29T01:25:20Z,2872.2,2944.1,20.5
943,2018-07-29T01:55:20Z,2874.4,2945.3,20.5
944,2018-07-29T02:25:20Z,2878.4,2947.1,20.52
945,2018-07-29T02:55:20Z,2880.7,2948.3,20.52
946,2018-07-29T03:25:20Z,2881.8,2949.5,20.52
947,2018-07-29T03:55:20Z,2882.4,2951.8,20.52
948,2018-07-29T04:25:20Z,2884.6,2951.8,20.52
949,2018-07-29T04:55:20Z,2885.2,2953.6,20.52
950,2018-07-29T05:25:20Z,2887.5,2955.4,20.53
951,2018-07-29T05:55:20Z,2889.8,2956,20.52
952,2018-07-29T06:25:20Z,2887.5,2957.2,20.53
953,2018-07-29T06:55:20Z,2888,2957.8,20.53
954,2018-07-29T07:25:20Z,2891.5,2958.4,20.52
955,2018-07-29T07:55:20Z,2892,2959,20.53
956,2018-07-29T08:25:20Z,2893.2,2960.2,20.53
957,2018-07-29T08:55:20Z,2892,2960.2,20.52
958,2018-07-29T09:25:20Z,2892,2960.8,20.52
959,2018-07-29T09:55:20Z,2892.6,2961.4,20.52
960,2018-07-29T10:25:20Z,2892.6,2962,20.52
961,2018-07-29T10:55:20Z,2893.2,2960.8,20.5
962,2018-07-29T11:25:20Z,2888,2961.4,20.5
963,2018-07-29T11:55:20Z,2890.3,2960.8,20.5
964,2018-07-29T12:25:20Z,2893.2,2961.4,20.5
965,2018-07-29T12:55:20Z,2886.3,2961.4,20.5
966,2018-07-29T13:25:20Z,2889.2,2961.4,20.49
967,2018-07-29T13:55:20Z,2880.7,2959.6,20.49
968,2018-07-29T14:25:20Z,2885.2,2960.2,20.48
969,2018-07-29T14:55:20Z,2883.5,2960.2,20.48
970,2018-07-29T15:25:20Z,2881.8,2960.2,20.48
971,2018-07-29T15:55:20Z,2874.4,2959,20.48
972,2018-07-29T16:25:20Z,2871.6,2959,20.47
973,2018-07-29T16:55:20Z,2876.1,2960.2,20.47
974,2018-07-29T17:25:20Z,2875,2960.8,20.46
975,2018-07-29T17:55:20Z,2877.3,2961.4,20.46
976,2018-07-29T18:25:20Z,2883.5,2962.6,20.46
977,2018-07-29T18:55:20Z,2882.4,2963.8,20.45
978,2018-07-29T19:25:20Z,2879.5,2964.4,20.45
979,2018-07-29T19:55:20Z,2877.8,2965.6,20.45
980,2018-07-29T20:25:20Z,2880.1,2966.2,20.44
981,2018-07-29T20:55:20Z,2884.6,2967.4,20.44
982,2018-07-29T21:25:20Z,2882.9,2968.6,20.45
983,2018-07-29T21:55:20Z,2886.9,2971,20.44
984,2018-07-29T22:25:20Z,2888.6,2971,20.44
985,2018-07-29T22:55:20Z,2890.3,2972.8,20.44
986,2018-07-29T23:25:20Z,2890.3,2974,20.45
987,2018-07-29T23:55:20Z,2892,2975.8,20.44
988,2018-07-30T00:25:20Z,2893.2,2977,20.44
989,2018-07-30T00:55:20Z,2894.9,2978.8,20.44
990,2018-07-30T01:25:20Z,2894.9,2979.4,20.42
991,2018-07-30T01:55:20Z,2897.7,2981.2,20.44
992,2018-07-30T02:25:20Z,2898.8,2981.8,20.42
993,2018-07-30T02:55:20Z,2897.7,2983,20.42
994,2018-07-30T03:25:20Z,2901.1,2984.2,20.42
995,2018-07-30T03:55:20Z,2902.2,2984.8,20.42
996,2018-07-30T04:25:20Z,2902.8,2986,20.42
997,2018-07-30T04:55:20Z,2905.1,2987.2,20.42
998,2018-07-30T05:25:20Z,2905.7,2987.2,20.42
999,2018-07-30T05:55:20Z,2903.4,2988.4,20.42
1000,2018-07-30T06:25:20Z,2907.9,2990.8,20.42
1001,2018-07-30T06:55:20Z,2910.8,2993.2,20.41
1002,2018-07-30T07:25:20Z,2910.8,2993.8,20.41
1003,2018-07-30T07:55:20Z,2911.9,2995,20.41
1004,2018-07-30T08:25:20Z,2913.6,2996.2,20.41
1005,2018-07-30T08:55:20Z,2914.8,2997.4,20.41
1006,2018-07-30T09:25:20Z,2914.8,2997.4,20.41
1007,2018-07-30T09:55:20Z,2915.9,2997.4,20.4
1008,2018-07-30T10:25:20Z,2908.5,2996.8,20.4
1009,2018-07-30T10:55:20Z,2905.1,2997.4,20.4
1010,2018-07-30T11:25:20Z,2910.8,2997.4,20.4
1011,2018-07-30T11:55:20Z,2910.2,2997.4,20.39
1012,2018-07-30T12:25:20Z,2912.5,2997.4,20.39
1013,2018-07-30T12:55:20Z,2910.2,2997.4,20.38
1014,2018-07-30T13:25:20Z,2908.5,2996.8,20.38
1015,2018-07-30T13:55:20Z,2905.1,2996.8,20.38
1016,2018-07-30T14:25:20Z,2906.2,2997.4,20.37
1017,2018-07-30T14:55:20Z,2908.5,2997.4,20.37
1018,2018-07-30T15:25:20Z,2909.1,2997.4,20.37
1019,2018-07-30T15:55:20Z,2910.2,2998.6,20.35
1020,2018-07-30T16:25:20Z,2906.8,2998,20.34
1021,2018-07-30T16:55:20Z,2911.3,2999.2,20.34
1022,2018-07-30T17:25:20Z,2912.5,2999.8,20.34
1023,2018-07-30T17:55:20Z,2911.3,3001,20.33
1024,2018-07-30T18:25:20Z,2912.5,3001,20.34
1025,2018-07-30T18:55:20Z,2913,3001.6,20.33
1026,2018-07-30T19:25:20Z,2915.3,3003.4,20.32
1027,2018-07-30T19:55:20Z,2916.5,3004,20.32
1028,2018-07-30T20:25:20Z,2916.5,3005.2,20.32
1029,2018-07-30T20:55:20Z,2916.5,3005.8,20.31
1030,2018-07-30T21:25:20Z,2919.3,3006.4,20.31
1031,2018-07-30T21:55:20Z,2917,3006.4,20.3
1032,2018-07-30T22:25:20Z,2918.2,3007,20.3
1033,2018-07-30T22:55:20Z,2919.3,3007.6,20.3
1034,2018-07-30T23:25:20Z,2919.3,3007.6,20.3
1035,2018-07-30T23:55:20Z,2920.4,3009.4,20.28
1036,2018-07-31T00:25:20Z,2920.4,3010,20.28
1037,2018-07-31T00:55:20Z,2917,3010.6,20.28
1038,2018-07-31T01:25:20Z,2913.6,3010,20.27
1039,2018-07-31T01:55:20Z,2915.9,3011.8,20.27
1040,2018-07-31T02:25:20Z,2913.6,3012.4,20.27
1041,2018-07-31T02:55:20Z,2919.3,3014.2,20.27
1042,2018-07-31T03:25:20Z,2922.7,3016,20.26
1043,2018-07-31T03:55:20Z,2923.9,3017.2,20.25
1044,2018-07-31T04:25:20Z,2925,3018.4,20.25
1045,2018-07-31T04:55:20Z,2923.3,3018.4,20.25
1046,2018-07-31T05:25:20Z,2923.9,3018.4,20.25
1047,2018-07-31T05:55:20Z,2925.6,3019,20.25
1048,2018-07-31T06:25:20Z,2925.6,3019.6,20.24
1049,2018-07-31T06:55:20Z,2927.8,3020.2,20.24
1050,2018-07-31T07:25:20Z,2929.5,3021.4,20.23
1051,2018-07-31T07:55:20Z,2929.5,3022.6,20.23
1052,2018-07-31T08:25:20Z,2930.7,3023.8,20.23
1053,2018-07-31T08:55:20Z,2930.7,3024.4,20.23
1054,2018-07-31T09:25:20Z,2932.4,3025,20.22
1055,2018-07-31T09:55:20Z,2930.7,3025,20.22
1056,2018-07-31T10:25:20Z,2932.4,3026.8,20.2
1057,2018-07-31T10:55:20Z,2933.5,3026.8,20.2
1058,2018-07-31T11:25:20Z,2933.5,3026.8,20.2
1059,2018-07-31T11:55:20Z,2933.5,3026.8,20.19
1060,2018-07-31T12:25:20Z,2932.4,3027.4,20.19
1061,2018-07-31T12:55:20Z,2932.4,3027.4,20.19
1062,2018-07-31T13:25:20Z,2930.7,3026.8,20.18
1063,2018-07-31T13:55:20Z,2932.4,3027.4,20.18
1064,2018-07-31T14:25:20Z,2932.4,3027.4,20.17
1065,2018-07-31T14:55:20Z,2933.5,3028.6,20.17
1066,2018-07-31T15:25:20Z,2933.5,3028,20.17
1067,2018-07-31T15:55:20Z,2932.4,3028.6,20.16
1068,2018-07-31T16:25:20Z,2930.7,3027.4,20.16
1069,2018-07-31T16:55:20Z,2931.3,3028,20.16
1070,2018-07-31T17:25:20Z,2929.5,3026.8,20.16
1071,2018-07-31T17:55:20Z,2925,3026.8,20.16
1072,2018-07-31T18:25:20Z,2929,3027.4,20.15
1073,2018-07-31T18:55:20Z,2927.3,3028,20.15
1074,2018-07-31T19:25:20Z,2927.3,3027.4,20.15
1075,2018-07-31T19:55:20Z,2928.4,3027.4,20.15
1076,2018-07-31T20:25:20Z,2926.1,3027.4,20.15
1077,2018-07-31T20:55:20Z,2922.1,3028,20.15
1078,2018-07-31T21:25:20Z,2920.4,3028,20.15
1079,2018-07-31T21:55:20Z,2921,3029.2,20.15
1080,2018-07-31T22:25:20Z,2923.9,3029.8,20.15
1081,2018-07-31T22:55:20Z,2925.6,3031.6,20.13
1082,2018-07-31T23:25:20Z,2922.1,3032.2,20.15
1083,2018-07-31T23:55:20Z,2920.4,3032.2,20.13
1084,2018-08-01T00:25:20Z,2921,3034,20.13
1085,2018-08-01T00:55:20Z,2922.1,3034,20.13
1086,2018-08-01T01:25:20Z,2923.3,3034.6,20.15
1087,2018-08-01T01:55:20Z,2923.9,3035.2,20.15
1088,2018-08-01T02:25:20Z,2925,3037.6,20.15
1089,2018-08-01T02:55:20Z,2924.4,3038.8,20.15
1090,2018-08-01T03:25:20Z,2926.7,3040,20.15
1091,2018-08-01T03:55:20Z,2929,3041.8,20.16
1092,2018-08-01T04:25:20Z,2930.7,3044.8,20.15
1093,2018-08-01T04:55:20Z,2933,3046,20.16
1094,2018-08-01T05:25:20Z,2932.4,3047.8,20.16
1095,2018-08-01T05:55:20Z,2934.7,3049,20.17
1096,2018-08-01T06:25:20Z,2935.8,3052,20.17
1097,2018-08-01T06:55:20Z,2936.4,3053.2,20.17
1098,2018-08-01T07:25:20Z,2939.8,3053.8,20.17
1099,2018-08-01T07:55:20Z,2936.4,3056.8,20.17
1100,2018-08-01T08:25:20Z,2944.9,3059.8,20.17
1101,2018-08-01T08:55:20Z,2946.6,3062.2,20.17
1102,2018-08-01T09:25:20Z,2947.8,3064,20.17
1103,2018-08-01T09:55:20Z,2948.9,3064.6,20.18
1104,2018-08-01T10:25:20Z,2948.9,3062.8,20.18
1105,2018-08-01T10:55:20Z,2946.6,3061.6,20.18
1106,2018-08-01T11:25:20Z,2944.9,3059.8,20.18
1107,2018-08-01T11:55:20Z,2944.9,3059.2,20.18
1108,2018-08-01T12:25:20Z,2944.9,3060.4,20.19
1109,2018-08-01T12:55:20Z,2946.6,3062.2,20.18
1110,2018-08-01T13:25:20Z,2946.6,3062.8,20.19
1111,2018-08-01T13:55:20Z,2946.6,3061.6,20.19
1112,2018-08-01T14:25:20Z,2946.6,3061.6,20.19
1113,2018-08-01T14:55:20Z,2946.6,3062.2,20.2
1114,2018-08-01T15:25:20Z,2944.4,3062.2,20.2
1115,2018-08-01T15:55:20Z,2942.1,3061,20.2
1116,2018-08-01T16:25:20Z,2945.5,3062.2,20.2
1117,2018-08-01T16:55:20Z,2946.6,3064,20.22
1118,2018-08-01T17:25:20Z,2947.8,3065.2,20.22
1119,2018-08-01T17:55:20Z,2951.2,3067,20.23
1120,2018-08-01T18:25:20Z,2952.3,3070,20.23
1121,2018-08-01T18:55:20Z,2953.5,3070,20.24
1122,2018-08-01T19:25:20Z,2953.5,3070.6,20.24
1123,2018-08-01T19:55:20Z,2954,3071.2,20.25
1124,2018-08-01T20:25:20Z,2955.2,3071.8,20.25
1125,2018-08-01T20:55:20Z,2955.2,3073,20.26
1126,2018-08-01T21:25:20Z,2957.5,3074.2,20.26
1127,2018-08-01T21:55:20Z,2959.2,3076.6,20.27
1128,2018-08-01T22:25:20Z,2960.3,3078.5,20.27
1129,2018-08-01T22:55:20Z,2960.9,3077.9,20.28
1130,2018-08-01T23:25:20Z,2963.2,3078.5,20.28
1131,2018-08-01T23:55:20Z,2962,3078.5,20.3
1132,2018-08-02T00:25:20Z,2960.3,3078.5,20.31
1133,2018-08-02T00:55:20Z,2964.3,3079.1,20.31
1134,2018-08-02T01:25:20Z,2963.2,3080.9,20.32
1135,2018-08-02T01:55:20Z,2965.4,3082.1,20.33
1136,2018-08-02T02:25:20Z,2963.7,3083.9,20.33
1137,2018-08-02T02:55:20Z,2964.9,3083.9,20.34
1138,2018-08-02T03:25:20Z,2967.2,3083.9,20.35
1139,2018-08-02T03:55:20Z,2967.2,3084.5,20.35
1140,2018-08-02T04:25:20Z,2967.2,3085.7,20.35
1141,2018-08-02T04:55:20Z,2968.9,3086.3,20.37
1142,2018-08-02T05:25:20Z,2958.6,3086.3,20.37
1143,2018-08-02T05:55:20Z,2968.9,3087.5,20.38
1144,2018-08-02T06:25:20Z,2967.2,3086.9,20.39
1145,2018-08-02T06:55:20Z,2973.4,3088.7,20.39
1146,2018-08-02T07:25:20Z,2975.2,3089.9,20.39
1147,2018-08-02T07:55:20Z,2975.2,3090.5,20.4
1148,2018-08-02T08:25:20Z,2976.3,3090.5,20.41
1149,2018-08-02T08:55:20Z,2979.1,3093.5,20.42
1150,2018-08-02T09:25:20Z,2982,3095.9,20.42
1151,2018-08-02T09:55:20Z,2982,3095.9,20.42
1152,2018-08-02T10:25:20Z,2979.1,3094.7,20.44
1153,2018-08-02T10:55:20Z,2979.1,3094.1,20.44
1154,2018-08-02T11:25:20Z,2983.1,3095.9,20.45
1155,2018-08-02T11:55:20Z,2983.1,3097.1,20.45
1156,2018-08-02T12:25:20Z,2982,3096.5,20.46
1157,2018-08-02T12:55:20Z,2979.1,3093.5,20.46
1158,2018-08-02T13:25:20Z,2975.7,3092.9,20.47
1159,2018-08-02T13:55:20Z,2979.1,3094.1,20.48
1160,2018-08-02T14:25:20Z,2980.9,3095.3,20.48
1161,2018-08-02T14:55:20Z,2982,3095.9,20.48
1162,2018-08-02T15:25:20Z,2982,3095.9,20.48
1163,2018-08-02T15:55:20Z,2979.7,3094.7,20.49
1164,2018-08-02T16:25:20Z,2980.9,3098.3,20.49
1165,2018-08-02T16:55:20Z,2987.1,3102.5,20.49
1166,2018-08-02T17:25:20Z,2988.3,3104.9,20.5
1167,2018-08-02T17:55:20Z,2989.4,3107.3,20.5
1168,2018-08-02T18:25:20Z,2993.4,3110.3,20.52
1169,2018-08-02T18:55:20Z,2995.1,3114.5,20.52
1170,2018-08-02T19:25:20Z,3000.3,3119.3,20.54
1171,2018-08-02T19:55:20Z,3002,3123.5,20.54
1172,2018-08-02T20:25:20Z,3007.2,3126.5,20.55
1173,2018-08-02T20:55:20Z,3010,3129.6,20.56
1174,2018-08-02T21:25:20Z,3012.9,3132.6,20.57
1175,2018-08-02T21:55:20Z,3015.7,3136.2,20.57
1176,2018-08-02T22:25:20Z,3018.6,3139.2,20.59
1177,2018-08-02T22:55:20Z,3021.5,3143.4,20.59
1178,2018-08-02T23:25:20Z,3022,3147,20.6
1179,2018-08-02T23:55:20Z,3026.1,3150,20.6
1180,2018-08-03T00:25:20Z,3032.4,3153.6,20.6
1181,2018-08-03T00:55:20Z,3034.1,3157.2,20.61
1182,2018-08-03T01:25:20Z,3038.1,3159,20.61
1183,2018-08-03T01:55:20Z,3033.5,3160.8,20.62
1184,2018-08-03T02:25:20Z,3039.8,3162,20.62
1185,2018-08-03T02:55:20Z,3042.1,3163.3,20.62
1186,2018-08-03T03:25:20Z,3043.8,3164.5,20.62
1187,2018-08-03T03:55:20Z,3042.7,3163.9,20.62
1188,2018-08-03T04:25:20Z,3045,3163.9,20.63
1189,2018-08-03T04:55:20Z,3043.2,3163.3,20.63
1190,2018-08-03T05:25:20Z,3043.8,3162.6,20.63
1191,2018-08-03T05:55:20Z,3045,3162.6,20.63
1192,2018-08-03T06:25:20Z,3043.2,3161.4,20.63
1193,2018-08-03T06:55:20Z,3042.1,3160.8,20.63
1194,2018-08-03T07:25:20Z,3041,3160.2,20.63
1195,2018-08-03T07:55:20Z,3042.1,3160.8,20.63
1196,2018-08-03T08:25:20Z,3043.2,3160.8,20.63
1197,2018-08-03T08:55:20Z,3036.9,3159.6,20.63
1198,2018-08-03T09:25:20Z,3041,3160.2,20.63
1199,2018-08-03T09:55:20Z,3041,3159,20.63
1200,2018-08-03T10:25:20Z,3036.9,3157.8,20.63
1201,2018-08-03T10:55:20Z,3036.9,3157.8,20.63
1202,2018-08-03T11:25:20Z,3039.2,3158.4,20.63
1203,2018-08-03T11:55:20Z,3038.1,3157.8,20.64
1204,2018-08-03T12:25:20Z,3037.5,3156,20.63
1205,2018-08-03T12:55:20Z,3037.5,3155.4,20.63
1206,2018-08-03T13:25:20Z,3035.2,3155.4,20.63
1207,2018-08-03T13:55:20Z,3036.9,3154.2,20.63
1208,2018-08-03T14:25:20Z,3034.1,3153.6,20.63
1209,2018-08-03T14:55:20Z,3035.2,3153,20.63
1210,2018-08-03T15:25:20Z,3033.5,3151.2,20.63
1211,2018-08-03T15:55:20Z,3029.5,3148.8,20.63
1212,2018-08-03T16:25:20Z,3028.3,3147,20.63
1213,2018-08-03T16:55:20Z,3025.5,3146.4,20.63
1214,2018-08-03T17:25:20Z,3028.3,3147,20.63
1215,2018-08-03T17:55:20Z,3027.2,3149.4,20.62
1216,2018-08-03T18:25:20Z,3024.9,3150.6,20.62
1217,2018-08-03T18:55:20Z,3026.1,3150.6,20.62
1218,2018-08-03T19:25:20Z,3030.1,3151.8,20.62
1219,2018-08-03T19:55:20Z,3031.2,3152.4,20.62
1220,2018-08-03T20:25:20Z,3030.6,3151.8,20.62
1221,2018-08-03T20:55:20Z,3032.4,3153,20.62
1222,2018-08-03T21:25:20Z,3034.1,3153.6,20.63
1223,2018-08-03T21:55:20Z,3035.8,3154.2,20.63
1224,2018-08-03T22:25:20Z,3035.8,3155.4,20.62
1225,2018-08-03T22:55:20Z,3036.9,3155.4,20.63
1226,2018-08-03T23:25:20Z,3036.9,3156,20.63
1227,2018-08-03T23:55:20Z,3038.7,3156.6,20.63
1228,2018-08-04T00:25:20Z,3038.7,3157.8,20.63
1229,2018-08-04T00:55:20Z,3038.7,3158.4,20.63
1230,2018-08-04T01:25:20Z,3040.4,3158.4,20.63
1231,2018-08-04T01:55:20Z,3043.2,3158.4,20.64
1232,2018-08-04T02:25:20Z,3042.1,3159.6,20.64
1233,2018-08-04T02:55:20Z,3039.8,3159.6,20.64
1234,2018-08-04T03:25:20Z,3042.1,3160.2,20.64
1235,2018-08-04T03:55:20Z,3038.7,3159.6,20.64
1236,2018-08-04T04:25:20Z,3043.2,3160.8,20.64
1237,2018-08-04T04:55:20Z,3046.7,3160.8,20.63
1238,2018-08-04T05:25:20Z,3046.1,3161.4,20.64
1239,2018-08-04T05:55:20Z,3047.8,3162.6,20.64
1240,2018-08-04T06:25:20Z,3047.3,3159.6,20.64
1241,2018-08-04T06:55:20Z,3047.8,3160.8,20.64
1242,2018-08-04T07:25:20Z,3050.1,3162.6,20.66
1243,2018-08-04T07:55:20Z,3051.9,3163.9,20.64
1244,2018-08-04T08:25:20Z,3047.8,3163.9,20.66
1245,2018-08-04T08:55:20Z,3047.8,3164.5,20.66
1246,2018-08-04T09:25:20Z,3046.7,3164.5,20.66
1247,2018-08-04T09:55:20Z,3047.8,3163.3,20.64
1248,2018-08-04T10:25:20Z,3049,3163.3,20.64
1249,2018-08-04T10:55:20Z,3050.1,3162.6,20.66
1250,2018-08-04T11:25:20Z,3049.6,3160.8,20.66
1251,2018-08-04T11:55:20Z,3047.8,3160.2,20.66
1252,2018-08-04T12:25:20Z,3047.8,3160.8,20.64
1253,2018-08-04T12:55:20Z,3049,3162.6,20.64
1254,2018-08-04T13:25:20Z,3049.6,3162.6,20.64
1255,2018-08-04T13:55:20Z,3047.8,3160.8,20.64
1256,2018-08-04T14:25:20Z,3046.7,3160.2,20.66
1257,2018-08-04T14:55:20Z,3047.8,3160.2,20.64
1258,2018-08-04T15:25:20Z,3047.8,3160.2,20.66
1259,2018-08-04T15:55:20Z,3047.8,3159.6,20.66
1260,2018-08-04T16:25:20Z,3045,3157.8,20.66
1261,2018-08-04T16:55:20Z,3045,3158.4,20.66
1262,2018-08-04T17:25:20Z,3045,3158.4,20.67
1263,2018-08-04T17:55:20Z,3045,3158.4,20.66
1264,2018-08-04T18:25:20Z,3046.1,3157.8,20.67
1265,2018-08-04T18:55:20Z,3045,3157.8,20.67
1266,2018-08-04T19:25:20Z,3046.1,3157.8,20.67
1267,2018-08-04T19:55:20Z,3043.2,3157.8,20.67
1268,2018-08-04T20:25:20Z,3047.8,3158.4,20.68
1269,2018-08-04T20:55:20Z,3047.8,3159.6,20.68
1270,2018-08-04T21:25:20Z,3050.1,3160.2,20.69
1271,2018-08-04T21:55:20Z,3050.1,3161.4,20.69
1272,2018-08-04T22:25:20Z,3050.7,3161.4,20.69
1273,2018-08-04T22:55:20Z,3051.9,3162,20.69
1274,2018-08-04T23:25:20Z,3051.9,3162,20.69
1275,2018-08-04T23:55:20Z,3053,3163.9,20.7
1276,2018-08-05T00:25:20Z,3053,3164.5,20.7
1277,2018-08-05T00:55:20Z,3053,3165.7,20.7
1278,2018-08-05T01:25:20Z,3054.7,3167.5,20.71
1279,2018-08-05T01:55:20Z,3057.6,3168.1,20.71
1280,2018-08-05T02:25:20Z,3057.6,3168.7,20.71
1281,2018-08-05T02:55:20Z,3058.7,3169.9,20.72
1282,2018-08-05T03:25:20Z,3058.7,3171.1,20.72
1283,2018-08-05T03:55:20Z,3058.7,3171.7,20.72
1284,2018-08-05T04:25:20Z,3061.6,3172.3,20.74
1285,2018-08-05T04:55:20Z,3061.6,3172.9,20.74
1286,2018-08-05T05:25:20Z,3062.8,3174.7,20.74
1287,2018-08-05T05:55:20Z,3063.3,3174.7,20.74
1288,2018-08-05T06:25:20Z,3062.8,3174.7,20.75
1289,2018-08-05T06:55:20Z,3063.3,3175.3,20.75
1290,2018-08-05T07:25:20Z,3063.3,3175.9,20.75
1291,2018-08-05T07:55:20Z,3065.1,3176.5,20.75
1292,2018-08-05T08:25:20Z,3065.1,3176.5,20.75
1293,2018-08-05T08:55:20Z,3063.3,3175.9,20.75
1294,2018-08-05T09:25:20Z,3063.3,3176.5,20.75
1295,2018-08-05T09:55:20Z,3063.3,3175.3,20.75
1296,2018-08-05T10:25:20Z,3050.7,3174.7,20.75
1297,2018-08-05T10:55:20Z,3066.2,3175.9,20.75
1298,2018-08-05T11:25:20Z,3065.1,3175.3,20.75
1299,2018-08-05T11:55:20Z,3063.3,3174.7,20.75
1300,2018-08-05T12:25:20Z,3065.1,3175.3,20.75
1301,2018-08-05T12:55:20Z,3064.5,3175.3,20.75
1302,2018-08-05T13:25:20Z,3065.1,3175.9,20.76
1303,2018-08-05T13:55:20Z,3064.5,3175.9,20.76
1304,2018-08-05T14:25:20Z,3063.3,3175.3,20.76
1305,2018-08-05T14:55:20Z,3063.3,3174.7,20.75
1306,2018-08-05T15:25:20Z,3063.3,3174.1,20.75
1307,2018-08-05T15:55:20Z,3063.3,3173.5,20.76
1308,2018-08-05T16:25:20Z,3062.2,3173.5,20.75
1309,2018-08-05T16:55:20Z,3060.5,3173.5,20.76
1310,2018-08-05T17:25:20Z,3063.3,3174.1,20.76
1311,2018-08-05T17:55:20Z,3062.2,3174.7,20.76
1312,2018-08-05T18:25:20Z,3063.3,3174.7,20.76
1313,2018-08-05T18:55:20Z,3063.3,3174.7,20.76
1314,2018-08-05T19:25:20Z,3065.1,3175.3,20.77
1315,2018-08-05T19:55:20Z,3065.1,3175.3,20.77
1316,2018-08-05T20:25:20Z,3065.1,3175.9,20.78
1317,2018-08-05T20:55:20Z,3066.2,3176.5,20.78
1318,2018-08-05T21:25:20Z,3066.2,3177.7,20.78
1319,2018-08-05T21:55:20Z,3069.1,3178.9,20.78
1320,2018-08-05T22:25:20Z,3070.2,3180.1,20.78
1321,2018-08-05T22:55:20Z,3070.2,3180.7,20.81
1322,2018-08-05T23:25:20Z,3070.2,3181.3,20.81
1323,2018-08-05T23:55:20Z,3072,3182.5,20.81
1324,2018-08-06T00:25:20Z,3072,3183.1,20.82
1325,2018-08-06T00:55:20Z,3073.1,3183.7,20.82
1326,2018-08-06T01:25:20Z,3074.8,3185.5,20.83
1327,2018-08-06T01:55:20Z,3077.7,3187.3,20.83
1328,2018-08-06T02:25:20Z,3077.7,3187.9,20.84
1329,2018-08-06T02:55:20Z,3078.8,3187.9,20.84
1330,2018-08-06T03:25:20Z,3080.6,3190.3,20.84
1331,2018-08-06T03:55:20Z,3080.6,3191.5,20.86
1332,2018-08-06T04:25:20Z,3082.3,3192.2,20.85
1333,2018-08-06T04:55:20Z,3077.7,3192.2,20.86
1334,2018-08-06T05:25:20Z,3080,3188.5,20.86
1335,2018-08-06T05:55:20Z,3078.8,3187.9,20.88
1336,2018-08-06T06:25:20Z,3081.7,3189.7,20.88
1337,2018-08-06T06:55:20Z,3075.4,3190.9,20.88
1338,2018-08-06T07:25:20Z,3084.6,3192.8,20.89
1339,2018-08-06T07:55:20Z,3085.7,3193.4,20.88
1340,2018-08-06T08:25:20Z,3085.2,3193.4,20.89
1341,2018-08-06T08:55:20Z,3085.7,3192.8,20.89
1342,2018-08-06T09:25:20Z,3084.6,3194,20.89
1343,2018-08-06T09:55:20Z,3086.3,3195.2,20.89
1344,2018-08-06T10:25:20Z,3087.5,3195.2,20.89
1345,2018-08-06T10:55:20Z,3088.6,3195.2,20.9
1346,2018-08-06T11:25:20Z,3087.5,3195.2,20.9
1347,2018-08-06T11:55:20Z,3090.4,3197.6,20.9
1348,2018-08-06T12:25:20Z,3090.4,3197.6,20.9
1349,2018-08-06T12:55:20Z,3090.4,3198.2,20.9
1350,2018-08-06T13:25:20Z,3089.2,3198.2,20.9
1351,2018-08-06T13:55:20Z,3090.4,3198.2,20.9
1352,2018-08-06T14:25:20Z,3090.4,3198.2,20.91
1353,2018-08-06T14:55:20Z,3089.2,3197,20.9
1354,2018-08-06T15:25:20Z,3086.3,3195.8,20.91
1355,2018-08-06T15:55:20Z,3086.3,3196.4,20.91
1356,2018-08-06T16:25:20Z,3089.2,3198.2,20.91
1357,2018-08-06T16:55:20Z,3090.4,3199.4,20.92
1358,2018-08-06T17:25:20Z,3092.1,3202.4,20.92
1359,2018-08-06T17:55:20Z,3095,3203,20.92
1360,2018-08-06T18:25:20Z,3097.3,3204.2,20.93
1361,2018-08-06T18:55:20Z,3096.7,3204.8,20.93
1362,2018-08-06T19:25:20Z,3097.3,3204.8,20.93
1363,2018-08-06T19:55:20Z,3099,3207.8,20.94
1364,2018-08-06T20:25:20Z,3101.9,3209.6,20.94
1365,2018-08-06T20:55:20Z,3107.6,3215,20.96
1366,2018-08-06T21:25:20Z,3108.8,3217.5,20.96
1367,2018-08-06T21:55:20Z,3111.7,3221.1,20.97
1368,2018-08-06T22:25:20Z,3115.1,3223.5,20.97
1369,2018-08-06T22:55:20Z,3117.4,3225.3,20.98
1370,2018-08-06T23:25:20Z,3117.4,3226.5,20.98
1371,2018-08-06T23:55:20Z,3118,3226.5,20.99
1372,2018-08-07T00:25:20Z,3119.1,3228.3,21
1373,2018-08-07T00:55:20Z,3118.6,3228.3,21
1374,2018-08-07T01:25:20Z,3120.3,3227.7,21
1375,2018-08-07T01:55:20Z,3117.4,3227.7,21
1376,2018-08-07T02:25:20Z,3119.1,3226.5,21.01
1377,2018-08-07T02:55:20Z,3117.4,3225.3,21.03
1378,2018-08-07T03:25:20Z,3116.3,3225.3,21.03
1379,2018-08-07T03:55:20Z,3116.3,3225.3,21.04
1380,2018-08-07T04:25:20Z,3113.4,3224.7,21.04
1381,2018-08-07T04:55:20Z,3116.3,3224.7,21.04
1382,2018-08-07T05:25:20Z,3116.3,3225.3,21.06
1383,2018-08-07T05:55:20Z,3116.3,3224.7,21.05
1384,2018-08-07T06:25:20Z,3115.1,3224.7,21.06
1385,2018-08-07T06:55:20Z,3118,3223.5,21.06
1386,2018-08-07T07:25:20Z,3116.3,3222.9,21.07
1387,2018-08-07T07:55:20Z,3117.4,3224.1,21.06
1388,2018-08-07T08:25:20Z,3116.3,3222.9,21.07
1389,2018-08-07T08:55:20Z,3115.7,3222.3,21.07
1390,2018-08-07T09:25:20Z,3113.4,3222.3,21.08
1391,2018-08-07T09:55:20Z,3115.1,3221.7,21.08
1392,2018-08-07T10:25:20Z,3115.1,3221.7,21.08
1393,2018-08-07T10:55:20Z,3115.7,3220.5,21.09
1394,2018-08-07T11:25:20Z,3114.5,3219.9,21.09
1395,2018-08-07T11:55:20Z,3114.5,3219.9,21.09
1396,2018-08-07T12:25:20Z,3115.1,3218.1,21.11
1397,2018-08-07T12:55:20Z,3111.7,3217.5,21.11
1398,2018-08-07T13:25:20Z,3111.7,3216.9,21.11
1399,2018-08-07T13:55:20Z,3111.7,3216.2,21.11
1400,2018-08-07T14:25:20Z,3110.5,3215,21.11
1401,2018-08-07T14:55:20Z,3110.5,3215,21.11
1402,2018-08-07T15:25:20Z,3108.8,3213.2,21.12
1403,2018-08-07T15:55:20Z,3108.8,3212.6,21.12
1404,2018-08-07T16:25:20Z,3107.6,3211.4,21.12
1405,2018-08-07T16:55:20Z,3107.6,3211.4,21.12
1406,2018-08-07T17:25:20Z,3107.6,3210.8,21.13
1407,2018-08-07T17:55:20Z,3107,3209.6,21.13
1408,2018-08-07T18:25:20Z,3105.9,3209,21.13
1409,2018-08-07T18:55:20Z,3104.7,3208.4,21.14
1410,2018-08-07T19:25:20Z,3103.6,3206,21.14
1411,2018-08-07T19:55:20Z,3103.6,3205.4,21.14
1412,2018-08-07T20:25:20Z,3101.9,3204.8,21.15
1413,2018-08-07T20:55:20Z,3101.9,3203.6,21.15
1414,2018-08-07T21:25:20Z,3101.9,3204.8,21.16
1415,2018-08-07T21:55:20Z,3101.9,3204.8,21.16
1416,2018-08-07T22:25:20Z,3103.6,3205.4,21.18
1417,2018-08-07T22:55:20Z,3100.7,3206,21.18
1418,2018-08-07T23:25:20Z,3103.6,3205.4,21.19
1419,2018-08-07T23:55:20Z,3104.7,3204.8,21.19
1420,2018-08-08T00:25:20Z,3101.9,3204.8,21.2
1421,2018-08-08T00:55:20Z,3101.9,3204.2,21.2
1422,2018-08-08T01:25:20Z,3101.9,3204.2,21.21
1423,2018-08-08T01:55:20Z,3100.7,3203,21.21
1424,2018-08-08T02:25:20Z,3101.9,3203.6,21.22
1425,2018-08-08T02:55:20Z,3103.6,3204.2,21.22
1426,2018-08-08T03:25:20Z,3103.6,3204.2,21.23
1427,2018-08-08T03:55:20Z,3101.9,3203,21.23
1428,2018-08-08T04:25:20Z,3099,3201.2,21.25
1429,2018-08-08T04:55:20Z,3097.8,3200,21.25
1430,2018-08-08T05:25:20Z,3096.7,3197.6,21.25
1431,2018-08-08T05:55:20Z,3095,3197,21.26
1432,2018-08-08T06:25:20Z,3096.7,3196.4,21.26
1433,2018-08-08T06:55:20Z,3096.7,3197,21.26
1434,2018-08-08T07:25:20Z,3096.7,3197.6,21.27
1435,2018-08-08T07:55:20Z,3096.1,3197.6,21.27
1436,2018-08-08T08:25:20Z,3096.7,3197.6,21.27
1437,2018-08-08T08:55:20Z,3095,3197.6,21.27
1438,2018-08-08T09:25:20Z,3097.3,3197.6,21.27
1439,2018-08-08T09:55:20Z,3097.8,3198.2,21.28
1440,2018-08-08T10:25:20Z,3097.8,3198.2,21.28
1441,2018-08-08T10:55:20Z,3096.7,3198.2,21.28
1442,2018-08-08T11:25:20Z,3096.7,3197,21.28
1443,2018-08-08T11:55:20Z,3087.5,3196.4,21.28
1444,2018-08-08T12:25:20Z,3096.1,3195.8,21.28
1445,2018-08-08T12:55:20Z,3096.1,3195.8,21.28
1446,2018-08-08T13:25:20Z,3095,3194.6,21.28
1447,2018-08-08T13:55:20Z,3095,3194,21.28
1448,2018-08-08T14:25:20Z,3095,3195.2,21.28
1449,2018-08-08T14:55:20Z,3095,3195.2,21.29
1450,2018-08-08T15:25:20Z,3096.1,3195.8,21.28
1451,2018-08-08T15:55:20Z,3097.8,3197,21.29
1452,2018-08-08T16:25:20Z,3093.2,3195.2,21.29
1453,2018-08-08T16:55:20Z,3095,3194,21.29
1454,2018-08-08T17:25:20Z,3092.7,3193.4,21.29
1455,2018-08-08T17:55:20Z,3093.8,3192.8,21.3
1456,2018-08-08T18:25:20Z,3092.1,3192.8,21.3
1457,2018-08-08T18:55:20Z,3093.2,3193.4,21.3
1458,2018-08-08T19:25:20Z,3096.1,3195.2,21.31
1459,2018-08-08T19:55:20Z,3095,3194,21.31
1460,2018-08-08T20:25:20Z,3093.8,3193.4,21.33
1461,2018-08-08T20:55:20Z,3095,3193.4,21.33
1462,2018-08-08T21:25:20Z,3095,3192.8,21.33
1463,2018-08-08T21:55:20Z,3093.2,3190.9,21.34
1464,2018-08-08T22:25:20Z,3092.1,3190.9,21.34
1465,2018-08-08T22:55:20Z,3093.2,3190.9,21.34
1466,2018-08-08T23:25:20Z,3095,3192.2,21.35
1467,2018-08-08T23:55:20Z,3093.8,3192.8,21.35
1468,2018-08-09T00:25:20Z,3093.2,3193.4,21.36
1469,2018-08-09T00:55:20Z,3095,3194,21.36
1470,2018-08-09T01:25:20Z,3095,3194,21.36
1471,2018-08-09T01:55:20Z,3097.8,3195.2,21.37
1472,2018-08-09T02:25:20Z,3096.7,3197,21.37
1473,2018-08-09T02:55:20Z,3097.8,3197.6,21.38
1474,2018-08-09T03:25:20Z,3101.9,3201.2,21.38
1475,2018-08-09T03:55:20Z,3104.7,3204.8,21.38
1476,2018-08-09T04:25:20Z,3106.5,3205.4,21.4
1477,2018-08-09T04:55:20Z,3106.5,3204.8,21.4
1478,2018-08-09T05:25:20Z,3103.6,3202.4,21.41
1479,2018-08-09T05:55:20Z,3104.7,3202.4,21.41
1480,2018-08-09T06:25:20Z,3104.7,3203,21.41
1481,2018-08-09T06:55:20Z,3104.7,3204.2,21.42
1482,2018-08-09T07:25:20Z,3104.7,3204.8,21.43
1483,2018-08-09T07:55:20Z,3107.6,3206,21.42
1484,2018-08-09T08:25:20Z,3108.8,3207.8,21.43
1485,2018-08-09T08:55:20Z,3111.7,3210.2,21.43
1486,2018-08-09T09:25:20Z,3113.4,3212.6,21.43
1487,2018-08-09T09:55:20Z,3115.1,3213.8,21.44
1488,2018-08-09T10:25:20Z,3118,3215,21.44
1489,2018-08-09T10:55:20Z,3116.3,3215.6,21.44
1490,2018-08-09T10:57:25Z,NA,NA,NA
1491,2018-08-09T10:57:32Z,NA,NA,NA
