Date_IV	File Name	Comments	soilp_c_IV	soilp_m_IV	soilp_t_IV	Exp_Flux	Exp_Flux[2]	
2020-01-17 11:13:03	1		0	0.005	3.8	0.796793	-0.00330225	
2020-01-17 11:14:29	1		0	0.005	3.7	0.746908	-0.000218754	
2020-01-24 15:42:29	10	5-8	0.039	0.223	11	2.13538	-0.0744664	
2020-01-24 15:43:54	10	5-8	0.027	0.195	11	0.645134	-0.112856	
2020-01-24 15:03:36	11	5-1	0	0.021	11.9	1.93695	-0.170657	
2020-01-24 15:05:02	11	5-1	0	0.0278	11.74	0.908211	-0.0981593	
2020-01-24 16:00:49	117	4-8	0	0	10.3	1.04759	-1.46022	
2020-01-24 16:02:14	117	4-8	0.001	0.001	10.3	1.21717	-1.09019	
2020-01-24 16:08:01	118	4-6	0	0	9.6	0.732481	-1.23649	
2020-01-24 16:09:27	118	4-6	0	0	9.5	0.703168	-0.712183	
2020-01-24 15:57:08	119	4-8	0.0012	0	10.6	1.59709	-2.97078	
2020-01-24 15:58:33	119	4-8	0.002	0	10.4	1.694	-2.13025	
2020-01-24 15:35:09	12	6-0	0	0.022	11	0.584746	-0.163253	
2020-01-24 15:36:34	12	6-0	0	0.022	11	1.32375	-0.0987371	
2020-01-24 16:04:24	120	4-3	0	0	10.1	1.01025	-2.09602	
2020-01-24 16:05:49	120	4-3	0	0	9.9	0.648949	-0.857897	
2020-01-24 16:11:48	121	4-7	0	0	9.5	1.82184	-0.893235	
2020-01-24 16:13:13	121	4-7	0	0	9.3	1.65314	-1.25425	
2020-01-24 16:18:38	122	4-5	0	0	9.6	2.25088	-2.79021	
2020-01-24 16:20:04	122	4-5	0	0	9.6	1.14966	-1.89593	
2020-01-24 16:22:31	123	4-8	0	0	9.6	2.02705	-3.08143	
2020-01-24 16:23:57	123	4-8	0	0	9.6	1.47804	-1.65207	
2020-01-24 16:15:11	124	5-1	0	0	9.3	0.923116	-1.39675	
2020-01-24 16:16:37	124	5-1	0	0	9.5	1.10195	-1.73254	
2020-01-17 11:22:13	17		0	0	3.6	1.3179	0.148223	
2020-01-17 11:23:38	17		0	0	3.6	1.27271	0.186629	
2020-01-17 10:59:20	18		0	0	5.2	0.694236	-0.144501	
2020-01-17 11:00:45	18		0	0.005	4.9	0.813802	-0.211022	
2020-01-17 11:38:14	19		0	0	4	0.643714	-0.104931	
2020-01-17 11:39:39	19		0	0	4.1	0.705366	-0.0937268	
2020-01-17 11:28:33	2		0	0	3.4	0.387615	-0.179319	
2020-01-17 11:29:59	2		0	0	3.5	0.233997	-0.112118	
2020-01-17 11:09:28	20		0	0	4	3.49869	-0.730873	
2020-01-17 11:10:54	20		0	0	4.13333	1.5524	-0.565112	
2020-01-24 14:55:03	21		0.0106	0.377	13.86	0.916564	-0.543624	
2020-01-24 14:56:28	21		0.013	0.375	13	0.750787	-0.422291	
2020-01-24 15:49:16	22	6-0	0	0.014	11	1.17656	-0.0380937	
2020-01-24 15:50:41	22	6-0	0	0.016	10.8	0.713114	-0.40161	
2020-01-24 15:15:33	23	5-2	0	0.013	11.1	4.93564	-1.07933	
2020-01-24 15:16:59	23	5-2	0	0.012	11.1	0.939405	-0.195297	
2020-01-24 15:45:47	24	5-7	0	0	11	1.30288	-0.189298	
2020-01-24 15:47:12	24	5-7	0	0	11	1.13606	-0.273546	
2020-01-24 15:20:31	25	5-4	0	0	11	1.23814	-0.359503	
2020-01-24 15:21:57	25	5-4	0	0	11	0.892864	-0.24719	
2020-01-24 15:38:46	26	5-5	0	0	10.8	1.15445	-0.0496481	
2020-01-24 15:40:12	26	5-5	0	0.012	11.1	0.992899	-0.191223	
2020-01-24 15:52:50	27	6-0	0	0	10.7	1.06697	-0.0233097	
2020-01-24 15:54:16	27	6-0	0.001	0.021	10.7	0.853638	-0.113409	
2020-01-24 15:07:10	28	5-4	0	0.032	11.5	1.4939	-0.906826	
2020-01-24 15:08:35	28	5-4	0	0.03	11.5	1.16027	-0.37764	
2020-01-17 11:45:30	29		0	0	4	0.42734	0.000134928	
2020-01-17 11:46:56	29		0	0	4	0.270103	-0.0974427	
2020-01-17 10:49:19	3		0	0.038	7.1	1.51615	-1.01698	
2020-01-17 10:50:45	3		0	0.031	6.6	3.88366	-2.01198	
2020-01-17 11:25:21	30		0	0	3.4	0.542754	-0.149407	
2020-01-17 11:26:47	30		0	0	3.4	0.483772	-0.214209	
2020-01-17 10:45:58	31		0.0056	0.1618	8.56	0.756846	-0.454416	
2020-01-17 10:47:23	31		0.014	0.215	8	1.60297	-0.989571	
2020-01-17 11:06:15	32		0	0.006	4.3	0.835521	-0.273585	
2020-01-17 11:07:41	32		0	0.006	4.2	0.918751	-0.403306	
2020-01-17 11:48:41	4		0	0	4.1	1.31322	-0.308514	
2020-01-17 11:50:07	4		0	0	4	3.51534	-0.792917	
2020-01-17 10:56:03	49		0	0.033	5.5	0.383933	-0.0160149	
2020-01-17 10:57:29	49		0	0.027	5.4	0.507556	-0.0018001	
2020-01-17 11:51:52	50		0	0	4	0.281919	-0.0445752	
2020-01-17 11:53:17	50		0	0	4	0.589368	-0.0992991	
2020-01-17 10:39:18	51		0.051	0.455	11.6	0.400199	-0.172104	
2020-01-17 10:40:43	51		0.053	0.441	11	0.428867	-0.42751	
2020-01-17 11:42:27	52		0	0.006	4	0.317885	-0.115171	
2020-01-17 11:43:53	52		0	0.004	4	0.370095	-0.298208	
2020-01-17 10:42:47	61		0.054	0.403	9.8	0.416902	-0.168321	
2020-01-17 10:44:13	61		0.001	0.037	9	0.474092	-0.286921	
2020-01-17 11:02:47	62		0	0.006	4.6	0.395372	-0.105559	
2020-01-17 11:04:13	62		0	0.012	4.4	0.726096	-0.153451	
2020-01-17 11:19:12	63		0	0	3.5	2.26734	0.384368	
2020-01-17 11:20:37	63		0	0	3.6	2.01901	0.123431	
2020-01-17 11:31:48	64		0	0	3.5	0.700107	-0.196341	
2020-01-17 11:33:14	64		0	0.001	3.6	1.25071	-0.226185	
2020-01-17 10:52:32	70		0	0	6.2	0.492572	-0.0530032	
2020-01-17 10:53:56	70		0	0.0396364	5.98182	0.763671	-0.28502	
2020-01-17 11:16:10	71		0	0.006	3.5	0.341324	0.958253	
2020-01-17 11:17:36	71		0	0.002	3.5	0.559786	1.80887	
2020-01-17 11:35:03	72		0	0	3.8	0.401037	-0.119113	
2020-01-17 11:36:29	72		0	0	3.9	0.455273	-0.149856	
2020-01-24 14:59:15	77	5	0.003	0.136	12.3	1.14111	-2.38355	
2020-01-24 15:00:40	77	5	0.003	0.138	12.1	0.562476	-0.292923	
2020-01-24 15:31:47	78	6-0	0	0.04	10.8	2.22803	-0.0208608	
2020-01-24 15:33:12	78	6-0	0.019	0.06	11	1.23507	-0.129443	
2020-01-24 15:24:20	79	5-1	0	0.014	11.1	1.07442	0.186518	
2020-01-24 15:25:46	79	5-1	0	0.025	11.1	0.522207	-0.245074	
2020-01-24 15:10:49	80	5-4	0	0	11.3	1.39529	-1.7955	
2020-01-24 15:12:15	80	5-4	0	0.008	11.1	0.747621	-1.00395	
2020-01-24 15:27:48	9	5-5	0	0	10.8	1.45033	-0.105139	
2020-01-24 15:29:13	9	5-5	0.011	0.036	10.8	1.00573	-0.0948951	
