Date_IV	File Name	Comments	soilp_c_IV	soilp_m_IV	soilp_t_IV	Exp_Flux	Exp_Flux[2]	
2020-03-26 08:17:31	116		0	0.013	12.6	1.35737	-1.09083	
2020-03-26 08:18:56	116		0	0.00954545	12.1091	1.38971	-0.946963	
2020-03-26 08:22:31	115		0	0.003	10.7	1.7086	-1.61038	
2020-03-26 08:23:56	115		0	0.00354545	10.3091	1.88154	-1.03503	
2020-03-26 08:26:32	113		0	0.003	9.3	5.53366	-1.31981	
2020-03-26 08:27:58	113		0	0.001	9.03333	2.68269	-3.19496	
2020-03-26 08:30:08	114		0	0.001	8.5	4.00698	-1.28975	
2020-03-26 08:31:34	114		0	0.001	8.3	1.52751	-2.78249	
2020-03-26 08:33:59	111		0	0	8.16	12.7987	-12.3094	
2020-03-26 08:35:24	111		0	0	7.6	3.14455	-8.33361	
2020-03-26 08:37:43	110		0	0	7.5	3.71322	-1.9381	
2020-03-26 08:39:09	110		0	0	7.5	3.17051	-1.4844	
2020-03-26 08:41:18	109		0	0	7.5	2.50535	-1.82967	
2020-03-26 08:42:44	109		0	0	7.6	2.22689	-1.64034	
2020-03-26 08:44:47	112		0	0	7.6	2.47938	-1.861	
2020-03-26 08:46:13	112		0	0	7.4	1.89766	-1.59893	
2020-03-26 08:49:11	6		0	0	7.5	2.08296	-0.681994	
2020-03-26 08:50:37	6		0	0	7.6	2.27457	-0.814099	
2020-03-26 08:53:15	5		0	0	7.7	2.2009	-0.664552	
2020-03-26 08:54:41	5		0	0	8	2.00013	-0.805429	
2020-03-26 08:56:55	36		0	0	8.1	6.11099	-0.181597	
2020-03-26 08:58:21	36		0	0	8	2.45493	0.0547147	
2020-03-26 09:00:54	76		0	0	8	4.60963	-0.712182	
2020-03-26 09:02:19	76		0	0	7.8	3.64339	-0.53455	
2020-03-26 09:04:44	16		0	0	7.8	1.89884	-0.250272	
2020-03-26 09:06:10	16		0	0	8.4	2.37552	-0.126427	
2020-03-26 09:08:17	74		0.026	0.158	8.6	1.85492	-0.244771	
2020-03-26 09:09:43	74		0.024	0.139	8.6	1.68453	-0.0678564	
2020-03-26 09:11:45	14		0	0	8.6	2.1156	-0.131735	
2020-03-26 09:13:10	14		0	0	8.6	2.42692	-0.537215	
2020-03-26 09:15:15	35		0	0	8.9	2.48965	-0.00250814	
2020-03-26 09:16:40	35		0	0	9.1	1.65149	0.00255089	
2020-03-26 09:18:35	13		0	0	9.5	2.32251	-0.189913	
2020-03-26 09:20:01	13		0	0	9.80667	2.02861	-0.22869	
2020-03-26 09:22:20	7		0	0	10.6	1.38864	-0.253124	
2020-03-26 09:23:45	7		0	0	10.6	1.36866	-0.17072	
2020-03-26 09:25:47	73		0	0	10.6	3.67379	-0.106292	
2020-03-26 09:27:13	73		0	0	10.7	2.92144	-0.68318	
2020-03-26 09:29:27	15		0	0	10.7	1.35458	-0.0462102	
2020-03-26 09:30:52	15		0	0	10.7	1.59231	-0.0038391	
2020-03-26 09:33:13	34		0	0	10.6	1.47074	-0.151635	
2020-03-26 09:34:38	34		0	0	10.6	1.36852	-0.174694	
2020-03-26 09:36:37	75		0	0	10.6	4.91847	2.38423	
2020-03-26 09:38:02	75		0	0	10.6	2.65874	0.0312521	
2020-03-26 09:40:15	8		0	0	10.8	5.94647	-0.420456	
2020-03-26 09:41:41	8		0	0	10.7	4.70392	-0.396838	
2020-03-26 09:43:58	33		0	0	10.6	8.64038	-0.93772	
2020-03-26 09:45:23	33		0	0	10.4	3.75318	-0.629786	
2020-03-26 09:59:00	27		0	0	10.6	2.8033	1.17035	
2020-03-26 10:00:26	27		0	0	10.7	1.48906	0.193528	
2020-03-26 10:02:36	22		0	0	10.8	2.94515	-0.191255	
2020-03-26 10:04:02	22		0	0	10.8	1.6632	-0.0959203	
2020-03-26 10:06:10	10		0	0	10.8	2.51179	-0.27278	
2020-03-26 10:07:36	10		0	0	11	1.53669	-0.323309	
2020-03-26 10:09:31	78		0	0	11	1.86312	0.114816	
2020-03-26 10:10:56	78		0	0	11	3.0342	-0.0307962	
2020-03-26 10:13:02	12		0	0	11	0.819103	-0.2099	
2020-03-26 10:14:28	12		0	0	11	0.92904	-0.202956	
2020-03-26 10:16:17	26		0	0	10.8	1.30663	-0.177075	
2020-03-26 10:17:42	26		0	0	10.8	1.58543	-0.134763	
2020-03-26 10:19:31	24		0	0	10.8	3.63382	-0.281285	
2020-03-26 10:20:56	24		0	0	10.84	2.88731	-0.622777	
2020-03-26 10:22:50	25		0	0	10.7	1.75466	-0.191604	
2020-03-26 10:24:16	25		0	0	11.1	1.95311	-0.315089	
2020-03-26 10:26:16	79		0	0	11.3	2.52181	-0.684192	
2020-03-26 10:27:42	79		0	0	11.6	2.26297	-0.682976	
2020-03-26 10:29:27	9		0	0	12.3	1.75691	-0.177947	
2020-03-26 10:30:53	9		0	0	12.6591	1.6146	-0.265953	
2020-03-26 10:32:43	77		0	0	13.3	0.654873	-0.132279	
2020-03-26 10:34:08	77		0	0	13.3	1.42339	-0.218847	
2020-03-26 10:36:05	11		0	0	13.1	2.49517	-0.0943195	
2020-03-26 10:37:31	11		0	0	13.3	2.23702	-0.627537	
2020-03-26 10:39:28	23		0	0	13.3	3.36643	-0.811281	
2020-03-26 10:40:53	23		0	0	13.0409	1.84999	-0.203384	
2020-03-26 10:43:04	80		0	0	12.4	1.51197	-0.9451	
2020-03-26 10:44:29	80		0	0	12.4	1.67208	-0.981341	
2020-03-26 10:46:36	28		0	0	12.4	2.52288	-0.416947	
2020-03-26 10:48:02	28		0	0	12.4	1.88252	-0.319193	
2020-03-26 10:49:52	21		0	0	12.4	1.61249	-0.340294	
2020-03-26 10:51:17	21		0	0	12.3	1.22046	-0.321459	
2020-03-26 10:53:33	119		0	0	12.3	1.65268	-0.745644	
2020-03-26 10:54:58	119		0	0	12.3727	1.71065	-1.00638	
2020-03-26 10:56:54	118		0	0	12.68	1.51536	-0.478139	
2020-03-26 10:58:19	118		0	0	12.8	1.78385	-0.592039	
2020-03-26 11:00:21	117		0	0	12.8	3.0744	-0.927454	
2020-03-26 11:01:47	117		0	0	13.1	2.17944	-0.808367	
2020-03-26 11:03:33	120		0	0	13.3	1.01043	-0.5447	
2020-03-26 11:04:58	120		0	0	13.2667	1.65871	-0.787292	
2020-03-26 11:07:08	123		0	0	13.4	2.64964	-1.8156	
2020-03-26 11:08:34	123		0	0	13.5	2.14743	-1.5307	
2020-03-26 11:10:33	122		0	0	13.7	2.63053	-1.7427	
2020-03-26 11:11:59	122		0	0	13.74	1.7266	-1.58846	
2020-03-26 11:13:52	124		0	0	13.4	1.17256	-0.627819	
2020-03-26 11:15:18	124		0	0	13.4	1.94233	-0.980148	
2020-03-26 11:17:25	121		0	0	13.3	1.93742	-0.837471	
2020-03-26 11:18:50	121		0	0	13.5	2.60084	-0.868429	
